#Layer_Color=16711935
#
#Feature symbol names
#
$0 r7.874
$1 r3.937
$2 r5
$3 r1

#
#Feature attribute names
#
@0 .nomenclature
@1 .string
@2 .string_angle

#
#Feature attribute text strings
#
&0 TAB

#
#Layer features
#
A 0.3635827 4.7 0.3635827 4.7 0.3596457 4.7 0 P 0 N
A 0.3635827 6.15 0.3635827 6.15 0.3596457 6.15 0 P 0 N
A 0.6358268 2.5 0.6358268 2.5 0.6318898 2.5 0 P 0 N
A 0.6358268 3.05 0.6358268 3.05 0.6318898 3.05 0 P 0 N
A 0.6358268 3.6 0.6358268 3.6 0.6318898 3.6 0 P 0 N
A 0.753937 0.5653543 0.753937 0.5653543 0.75 0.5653543 0 P 0 N
A 0.753937 1.0653543 0.753937 1.0653543 0.75 1.0653543 0 P 0 N
A 0.753937 1.5653543 0.753937 1.5653543 0.75 1.5653543 0 P 0 N
A 0.753937 2.0653543 0.753937 2.0653543 0.75 2.0653543 0 P 0 N
A 1.353937 0.5653543 1.353937 0.5653543 1.35 0.5653543 0 P 0 N
A 1.353937 2.0653543 1.353937 2.0653543 1.35 2.0653543 0 P 0 N
A 1.3629921 5.4122047 1.3629921 5.4122047 1.3433071 5.4122047 1 P 0 N
A 1.5358268 2.5 1.5358268 2.5 1.5318898 2.5 0 P 0 N
A 1.5358268 3.05 1.5358268 3.05 1.5318898 3.05 0 P 0 N
A 1.5358268 3.6 1.5358268 3.6 1.5318898 3.6 0 P 0 N
A 1.953937 0.5653543 1.953937 0.5653543 1.95 0.5653543 0 P 0 N
A 1.953937 2.0653543 1.953937 2.0653543 1.95 2.0653543 0 P 0 N
A 12.4758268 7.04 12.4758268 7.04 12.4718898 7.04 0 P 0 N
A 14.928937 2.6982283 14.928937 2.6982283 14.925 2.6982283 0 P 0 N
A 15.3885827 2.45 15.3885827 2.45 15.3846457 2.45 0 P 0 N
A 15.9488976 6.9065354 15.9488976 6.9065354 15.9449606 6.9065354 0 P 0 N
A 16.5945669 5.5192638 16.5945669 5.5192638 16.5748819 5.5192638 1 P 0 N
A 16.903937 3.2181102 16.903937 3.2181102 16.9 3.2181102 0 P 0 N
A 16.903937 4.1681102 16.903937 4.1681102 16.9 4.1681102 0 P 0 N
A 2.553937 0.5653543 2.553937 0.5653543 2.55 0.5653543 0 P 0 N
A 2.553937 2.0653543 2.553937 2.0653543 2.55 2.0653543 0 P 0 N
A 2.603937 2.7153543 2.603937 2.7153543 2.6 2.7153543 0 P 0 N
A 2.603937 3.2653543 2.603937 3.2653543 2.6 3.2653543 0 P 0 N
A 2.603937 3.8153543 2.603937 3.8153543 2.6 3.8153543 0 P 0 N
A 3.153937 0.5653543 3.153937 0.5653543 3.15 0.5653543 0 P 0 N
A 3.153937 1.0653543 3.153937 1.0653543 3.15 1.0653543 0 P 0 N
A 3.153937 1.5653543 3.153937 1.5653543 3.15 1.5653543 0 P 0 N
A 3.153937 2.0653543 3.153937 2.0653543 3.15 2.0653543 0 P 0 N
A 3.353937 2.7153543 3.353937 2.7153543 3.35 2.7153543 0 P 0 N
A 3.353937 3.2653543 3.353937 3.2653543 3.35 3.2653543 0 P 0 N
A 3.353937 3.8153543 3.353937 3.8153543 3.35 3.8153543 0 P 0 N
A 7.353937 7.0153543 7.353937 7.0153543 7.35 7.0153543 0 P 0 N
L 0.3990157 4.607874 0.3990157 5.092126 2 P 0
L 0.3990157 4.607874 0.7120079 4.607874 2 P 0
L 0.3990157 5.092126 0.7120079 5.092126 2 P 0
L 0.3990157 6.057874 0.3990157 6.542126 2 P 0
L 0.3990157 6.057874 0.7120079 6.057874 2 P 0
L 0.3990157 6.542126 0.7120079 6.542126 2 P 0
L 0.657874 0.2129921 0.657874 0.5259843 2 P 0
L 0.657874 0.2129921 1.142126 0.2129921 2 P 0
L 0.657874 0.5259843 1.142126 0.5259843 2 P 0
L 0.657874 0.7129921 0.657874 1.0259843 2 P 0
L 0.657874 0.7129921 1.142126 0.7129921 2 P 0
L 0.657874 1.0259843 1.142126 1.0259843 2 P 0
L 0.657874 1.2129921 0.657874 1.5259843 2 P 0
L 0.657874 1.2129921 1.142126 1.2129921 2 P 0
L 0.657874 1.5259843 1.142126 1.5259843 2 P 0
L 0.657874 1.7129921 0.657874 2.0259843 2 P 0
L 0.657874 1.7129921 1.142126 1.7129921 2 P 0
L 0.657874 2.0259843 1.142126 2.0259843 2 P 0
L 0.657874 2.3629921 0.657874 2.6759843 2 P 0
L 0.657874 2.3629921 1.342126 2.3629921 2 P 0
L 0.657874 2.6759843 1.342126 2.6759843 2 P 0
L 0.657874 2.9129921 0.657874 3.2259843 2 P 0
L 0.657874 2.9129921 1.342126 2.9129921 2 P 0
L 0.657874 3.2259843 1.342126 3.2259843 2 P 0
L 0.657874 3.4629921 0.657874 3.7759843 2 P 0
L 0.657874 3.4629921 1.342126 3.4629921 2 P 0
L 0.657874 3.7759843 1.342126 3.7759843 2 P 0
L 0.6923228 5.1807087 0.6923228 5.365748 1 P 0
L 0.6923228 5.1807087 1.1076772 5.1807087 1 P 0
L 0.6923228 5.2299213 1.1076772 5.2299213 1 P 0
L 0.6923228 5.365748 1.1076772 5.365748 1 P 0
L 0.6923228 5.7307087 0.6923228 5.915748 1 P 0
L 0.6923228 5.7307087 1.1076772 5.7307087 1 P 0
L 0.6923228 5.7799213 1.1076772 5.7799213 1 P 0
L 0.6923228 5.915748 1.1076772 5.915748 1 P 0
L 0.7120079 4.607874 0.7120079 5.092126 2 P 0
L 0.7120079 6.057874 0.7120079 6.542126 2 P 0
L 1.0224409 5.5409449 1.0224409 5.6590551 1 P 0
L 1.0224409 5.5409449 1.077559 5.5409449 1 P 0
L 1.0224409 5.6590551 1.077559 5.6590551 1 P 0
L 1.077559 5.5409449 1.077559 5.6590551 1 P 0
L 1.1076772 5.1807087 1.1076772 5.365748 1 P 0
L 1.1076772 5.7307087 1.1076772 5.915748 1 P 0
L 1.142126 0.2129921 1.142126 0.5259843 2 P 0
L 1.142126 0.7129921 1.142126 1.0259843 2 P 0
L 1.142126 1.2129921 1.142126 1.5259843 2 P 0
L 1.142126 1.7129921 1.142126 2.0259843 2 P 0
L 1.2212599 5.3767717 1.2212599 5.7232283 1 P 0
L 1.2212599 5.3767717 1.3787402 5.3767717 1 P 0
L 1.2212599 5.7232283 1.3787402 5.7232283 1 P 0
L 1.257874 0.2129921 1.257874 0.5259843 2 P 0
L 1.257874 0.2129921 1.742126 0.2129921 2 P 0
L 1.257874 0.5259843 1.742126 0.5259843 2 P 0
L 1.257874 1.7129921 1.257874 2.0259843 2 P 0
L 1.257874 1.7129921 1.742126 1.7129921 2 P 0
L 1.257874 2.0259843 1.742126 2.0259843 2 P 0
L 1.342126 2.3629921 1.342126 2.6759843 2 P 0
L 1.342126 2.9129921 1.342126 3.2259843 2 P 0
L 1.342126 3.4629921 1.342126 3.7759843 2 P 0
L 1.3787402 5.3767717 1.3787402 5.7232283 1 P 0
L 1.557874 2.3629921 1.557874 2.6759843 2 P 0
L 1.557874 2.3629921 2.242126 2.3629921 2 P 0
L 1.557874 2.6759843 2.242126 2.6759843 2 P 0
L 1.557874 2.9129921 1.557874 3.2259843 2 P 0
L 1.557874 2.9129921 2.242126 2.9129921 2 P 0
L 1.557874 3.2259843 2.242126 3.2259843 2 P 0
L 1.557874 3.4629921 1.557874 3.7759843 2 P 0
L 1.557874 3.4629921 2.242126 3.4629921 2 P 0
L 1.557874 3.7759843 2.242126 3.7759843 2 P 0
L 1.5909449 5.4224409 1.5909449 5.477559 1 P 0
L 1.5909449 5.4224409 1.7090551 5.4224409 1 P 0
L 1.5909449 5.477559 1.7090551 5.477559 1 P 0
L 1.672441 4.8409449 1.672441 4.9590551 1 P 0
L 1.672441 4.8409449 1.7275591 4.8409449 1 P 0
L 1.672441 4.9590551 1.7275591 4.9590551 1 P 0
L 1.672441 6.3409449 1.672441 6.4590551 1 P 0
L 1.672441 6.3409449 1.7275591 6.3409449 1 P 0
L 1.672441 6.4590551 1.7275591 6.4590551 1 P 0
L 1.7090551 5.4224409 1.7090551 5.477559 1 P 0
L 1.7275591 4.8409449 1.7275591 4.9590551 1 P 0
L 1.7275591 6.3409449 1.7275591 6.4590551 1 P 0
L 1.742126 0.2129921 1.742126 0.5259843 2 P 0
L 1.742126 1.7129921 1.742126 2.0259843 2 P 0
L 1.857874 0.2129921 1.857874 0.5259843 2 P 0
L 1.857874 0.2129921 2.342126 0.2129921 2 P 0
L 1.857874 0.5259843 2.342126 0.5259843 2 P 0
L 1.857874 1.7129921 1.857874 2.0259843 2 P 0
L 1.857874 1.7129921 2.342126 1.7129921 2 P 0
L 1.857874 2.0259843 2.342126 2.0259843 2 P 0
L 1.9301733 5.8533465 1.9301733 5.9714567 1 P 0
L 1.9301733 5.8533465 1.9852914 5.8533465 1 P 0
L 1.9301733 5.9714567 1.9852914 5.9714567 1 P 0
L 1.972441 5.3409449 1.972441 5.4590551 1 P 0
L 1.972441 5.3409449 2.0275591 5.3409449 1 P 0
L 1.972441 5.4590551 2.0275591 5.4590551 1 P 0
L 1.9852914 5.8533465 1.9852914 5.9714567 1 P 0
L 10.22125 6.1082019 10.2379113 6.1082019 3 P 0 ;0,1=0,2=0.000000
L 10.2295806 6.1082019 10.2295806 6.08321 3 P 0 ;0,1=0,2=0.000000
L 10.2379113 6.1082019 10.2295806 6.1082019 3 P 0 ;0,1=0,2=0.000000
L 10.2462419 6.08321 10.2462419 6.0998713 3 P 0 ;0,1=0,2=0.000000
L 10.2462419 6.0998713 10.2545725 6.1082019 3 P 0 ;0,1=0,2=0.000000
L 10.2545725 6.1082019 10.2629032 6.0998713 3 P 0 ;0,1=0,2=0.000000
L 10.2629032 6.08321 10.2629032 6.095706 3 P 0 ;0,1=0,2=0.000000
L 10.2629032 6.095706 10.2462419 6.095706 3 P 0 ;0,1=0,2=0.000000
L 10.2629032 6.0998713 10.2629032 6.08321 3 P 0 ;0,1=0,2=0.000000
L 10.2712338 6.08321 10.2837298 6.08321 3 P 0 ;0,1=0,2=0.000000
L 10.2712338 6.095706 10.2837298 6.095706 3 P 0 ;0,1=0,2=0.000000
L 10.2712338 6.1082019 10.2712338 6.08321 3 P 0 ;0,1=0,2=0.000000
L 10.2837298 6.08321 10.2878951 6.0873753 3 P 0 ;0,1=0,2=0.000000
L 10.2837298 6.095706 10.2712338 6.095706 3 P 0 ;0,1=0,2=0.000000
L 10.2837298 6.095706 10.2878951 6.0998713 3 P 0 ;0,1=0,2=0.000000
L 10.2837298 6.1082019 10.2712338 6.1082019 3 P 0 ;0,1=0,2=0.000000
L 10.2878951 6.0873753 10.2878951 6.0915406 3 P 0 ;0,1=0,2=0.000000
L 10.2878951 6.0915406 10.2837298 6.095706 3 P 0 ;0,1=0,2=0.000000
L 10.2878951 6.0998713 10.2878951 6.1040366 3 P 0 ;0,1=0,2=0.000000
L 10.2878951 6.1040366 10.2837298 6.1082019 3 P 0 ;0,1=0,2=0.000000
L 10.4 7.07 10.4 7.284 3 P 0
L 10.6375 5.92371 10.6375 6.12071 3 P 0
L 11.4823228 6.524252 11.4823228 6.7092913 1 P 0
L 11.4823228 6.524252 11.8976772 6.524252 1 P 0
L 11.4823228 6.6600787 11.8976772 6.6600787 1 P 0
L 11.4823228 6.7092913 11.8976772 6.7092913 1 P 0
L 11.8976772 6.524252 11.8976772 6.7092913 1 P 0
L 12.2807087 5.6923228 12.2807087 6.1076772 1 P 0
L 12.2807087 5.6923228 12.465748 5.6923228 1 P 0
L 12.2807087 6.1076772 12.465748 6.1076772 1 P 0
L 12.2807087 6.2423228 12.2807087 6.6576772 1 P 0
L 12.2807087 6.2423228 12.465748 6.2423228 1 P 0
L 12.2807087 6.6576772 12.465748 6.6576772 1 P 0
L 12.3299213 5.6923228 12.3299213 6.1076772 1 P 0
L 12.3299213 6.2423228 12.3299213 6.6576772 1 P 0
L 12.465748 5.6923228 12.465748 6.1076772 1 P 0
L 12.465748 6.2423228 12.465748 6.6576772 1 P 0
L 12.497874 6.9029921 12.497874 7.2159843 2 P 0
L 12.497874 6.9029921 13.182126 6.9029921 2 P 0
L 12.497874 7.2159843 13.182126 7.2159843 2 P 0
L 12.5807087 5.6923228 12.5807087 6.1076772 1 P 0
L 12.5807087 5.6923228 12.765748 5.6923228 1 P 0
L 12.5807087 6.1076772 12.765748 6.1076772 1 P 0
L 12.5807087 6.2423228 12.5807087 6.6576772 1 P 0
L 12.5807087 6.2423228 12.765748 6.2423228 1 P 0
L 12.5807087 6.6576772 12.765748 6.6576772 1 P 0
L 12.6299213 5.6923228 12.6299213 6.1076772 1 P 0
L 12.6299213 6.2423228 12.6299213 6.6576772 1 P 0
L 12.765748 5.6923228 12.765748 6.1076772 1 P 0
L 12.765748 6.2423228 12.765748 6.6576772 1 P 0
L 12.8807087 5.6923228 12.8807087 6.1076772 1 P 0
L 12.8807087 5.6923228 13.065748 5.6923228 1 P 0
L 12.8807087 6.1076772 13.065748 6.1076772 1 P 0
L 12.8807087 6.2423228 12.8807087 6.6576772 1 P 0
L 12.8807087 6.2423228 13.065748 6.2423228 1 P 0
L 12.8807087 6.6576772 13.065748 6.6576772 1 P 0
L 12.9299213 5.6923228 12.9299213 6.1076772 1 P 0
L 12.9299213 6.2423228 12.9299213 6.6576772 1 P 0
L 13.065748 5.6923228 13.065748 6.1076772 1 P 0
L 13.065748 6.2423228 13.065748 6.6576772 1 P 0
L 13.1807087 5.6923228 13.1807087 6.1076772 1 P 0
L 13.1807087 5.6923228 13.365748 5.6923228 1 P 0
L 13.1807087 6.1076772 13.365748 6.1076772 1 P 0
L 13.1807087 6.2423228 13.1807087 6.6576772 1 P 0
L 13.1807087 6.2423228 13.365748 6.2423228 1 P 0
L 13.1807087 6.6576772 13.365748 6.6576772 1 P 0
L 13.182126 6.9029921 13.182126 7.2159843 2 P 0
L 13.2299213 5.6923228 13.2299213 6.1076772 1 P 0
L 13.2299213 6.2423228 13.2299213 6.6576772 1 P 0
L 13.365748 5.6923228 13.365748 6.1076772 1 P 0
L 13.365748 6.2423228 13.365748 6.6576772 1 P 0
L 13.5307087 5.6923228 13.5307087 6.1076772 1 P 0
L 13.5307087 5.6923228 13.715748 5.6923228 1 P 0
L 13.5307087 6.1076772 13.715748 6.1076772 1 P 0
L 13.5307087 6.3423228 13.5307087 6.7576772 1 P 0
L 13.5307087 6.3423228 13.715748 6.3423228 1 P 0
L 13.5307087 6.7576772 13.715748 6.7576772 1 P 0
L 13.5799213 5.6923228 13.5799213 6.1076772 1 P 0
L 13.5799213 6.3423228 13.5799213 6.7576772 1 P 0
L 13.64 6.93 13.64 7.144 3 P 0
L 13.64 6.93 14.06 6.93 3 P 0
L 13.64 7.144 14.06 7.144 3 P 0
L 13.715748 5.6923228 13.715748 6.1076772 1 P 0
L 13.715748 6.3423228 13.715748 6.7576772 1 P 0
L 13.9307087 5.6923228 13.9307087 6.1076772 1 P 0
L 13.9307087 5.6923228 14.115748 5.6923228 1 P 0
L 13.9307087 6.1076772 14.115748 6.1076772 1 P 0
L 13.9307087 6.3423228 13.9307087 6.7576772 1 P 0
L 13.9307087 6.3423228 14.115748 6.3423228 1 P 0
L 13.9307087 6.7576772 14.115748 6.7576772 1 P 0
L 13.9799213 5.6923228 13.9799213 6.1076772 1 P 0
L 13.9799213 6.3423228 13.9799213 6.7576772 1 P 0
L 14.06 6.93 14.06 7.144 3 P 0
L 14.115748 5.6923228 14.115748 6.1076772 1 P 0
L 14.115748 6.3423228 14.115748 6.7576772 1 P 0
L 14.861417 0.361417 14.861417 0.538583 2 P 0
L 14.861417 0.361417 15.0385825 0.361417 2 P 0
L 14.861417 0.538583 15.0385825 0.538583 2 P 0
L 15.0212598 2.5015748 15.0212598 2.6984252 2 P 0
L 15.0212598 2.5015748 15.1787402 2.5015748 2 P 0
L 15.0212598 2.6984252 15.1787402 2.6984252 2 P 0
L 15.03 4.19 15.03 4.61 3 P 0
L 15.03 4.19 15.244 4.19 3 P 0
L 15.03 4.61 15.244 4.61 3 P 0
L 15.0385825 0.361417 15.0385825 0.538583 2 P 0
L 15.056 3.54 15.056 3.96 3 P 0
L 15.056 3.54 15.27 3.54 3 P 0
L 15.056 3.96 15.27 3.96 3 P 0
L 15.161417 0.3614234 15.161417 0.5385894 2 P 0
L 15.161417 0.3614234 15.3385825 0.3614234 2 P 0
L 15.161417 0.5385894 15.3385825 0.5385894 2 P 0
L 15.1787402 2.5015748 15.1787402 2.6984252 2 P 0
L 15.244 4.19 15.244 4.61 3 P 0
L 15.27 3.54 15.27 3.96 3 P 0
L 15.3385825 0.3614234 15.3385825 0.5385894 2 P 0
L 15.364252 6.443937 15.364252 6.936063 2 P 0
L 15.364252 6.443937 15.895748 6.443937 2 P 0
L 15.364252 6.936063 15.895748 6.936063 2 P 0
L 15.4240157 2.357874 15.4240157 2.842126 2 P 0
L 15.4240157 2.357874 15.7370079 2.357874 2 P 0
L 15.4240157 2.842126 15.7370079 2.842126 2 P 0
L 15.461417 0.361417 15.461417 0.538583 2 P 0
L 15.461417 0.361417 15.6385825 0.361417 2 P 0
L 15.461417 0.538583 15.6385825 0.538583 2 P 0
L 15.48 4.19 15.48 4.61 3 P 0
L 15.48 4.19 15.694 4.19 3 P 0
L 15.48 4.61 15.694 4.61 3 P 0
L 15.506 3.54 15.506 3.96 3 P 0
L 15.506 3.54 15.72 3.54 3 P 0
L 15.506 3.96 15.72 3.96 3 P 0
L 15.6385825 0.361417 15.6385825 0.538583 2 P 0
L 15.694 4.19 15.694 4.61 3 P 0
L 15.72 3.54 15.72 3.96 3 P 0
L 15.7370079 2.357874 15.7370079 2.842126 2 P 0
L 15.761417 0.361417 15.761417 0.538583 2 P 0
L 15.761417 0.361417 15.9385825 0.361417 2 P 0
L 15.761417 0.538583 15.9385825 0.538583 2 P 0
L 15.8024409 5.8309449 15.8024409 5.9490551 1 P 0
L 15.8024409 5.8309449 15.857559 5.8309449 1 P 0
L 15.8024409 5.9490551 15.857559 5.9490551 1 P 0
L 15.8209449 5.4124409 15.8209449 5.467559 1 P 0
L 15.8209449 5.4124409 15.9390551 5.4124409 1 P 0
L 15.8209449 5.467559 15.9390551 5.467559 1 P 0
L 15.8524409 5.0309449 15.8524409 5.1490551 1 P 0
L 15.8524409 5.0309449 15.907559 5.0309449 1 P 0
L 15.8524409 5.1490551 15.907559 5.1490551 1 P 0
L 15.857559 5.8309449 15.857559 5.9490551 1 P 0
L 15.895748 6.443937 15.895748 6.936063 2 P 0
L 15.907559 5.0309449 15.907559 5.1490551 1 P 0
L 15.9385825 0.361417 15.9385825 0.538583 2 P 0
L 15.9390551 5.4124409 15.9390551 5.467559 1 P 0
L 16.061417 0.3614202 16.061417 0.5385862 2 P 0
L 16.061417 0.3614202 16.2385825 0.3614202 2 P 0
L 16.061417 0.5385862 16.2385825 0.5385862 2 P 0
L 16.2385825 0.3614202 16.2385825 0.5385862 2 P 0
L 16.361417 0.361417 16.361417 0.538583 2 P 0
L 16.361417 0.361417 16.5385825 0.361417 2 P 0
L 16.361417 0.538583 16.5385825 0.538583 2 P 0
L 16.5385825 0.361417 16.5385825 0.538583 2 P 0
L 16.5394489 5.2043031 16.5394489 5.5546969 1 P 0
L 16.5394489 5.2043031 16.7205512 5.2043031 1 P 0
L 16.5394489 5.5546969 16.7205512 5.5546969 1 P 0
L 16.7205512 5.2043031 16.7205512 5.5546969 1 P 0
L 16.7629921 2.507874 16.7629921 3.192126 2 P 0
L 16.7629921 2.507874 17.0759843 2.507874 2 P 0
L 16.7629921 3.192126 17.0759843 3.192126 2 P 0
L 16.7629921 3.457874 16.7629921 4.142126 2 P 0
L 16.7629921 3.457874 17.0759843 3.457874 2 P 0
L 16.7629921 4.142126 17.0759843 4.142126 2 P 0
L 16.8107087 6.1823228 16.8107087 6.5976772 1 P 0
L 16.8107087 6.1823228 16.995748 6.1823228 1 P 0
L 16.8107087 6.5976772 16.995748 6.5976772 1 P 0
L 16.8599213 6.1823228 16.8599213 6.5976772 1 P 0
L 16.8709449 5.9124409 16.8709449 5.967559 1 P 0
L 16.8709449 5.9124409 16.9890551 5.9124409 1 P 0
L 16.8709449 5.967559 16.9890551 5.967559 1 P 0
L 16.9890551 5.9124409 16.9890551 5.967559 1 P 0
L 16.995748 6.1823228 16.995748 6.5976772 1 P 0
L 17.0759843 2.507874 17.0759843 3.192126 2 P 0
L 17.0759843 3.457874 17.0759843 4.142126 2 P 0
L 2.0275591 5.3409449 2.0275591 5.4590551 1 P 0
L 2.242126 2.3629921 2.242126 2.6759843 2 P 0
L 2.242126 2.9129921 2.242126 3.2259843 2 P 0
L 2.242126 3.4629921 2.242126 3.7759843 2 P 0
L 2.342126 0.2129921 2.342126 0.5259843 2 P 0
L 2.342126 1.7129921 2.342126 2.0259843 2 P 0
L 2.457874 0.2129921 2.457874 0.5259843 2 P 0
L 2.457874 0.2129921 2.942126 0.2129921 2 P 0
L 2.457874 0.5259843 2.942126 0.5259843 2 P 0
L 2.457874 1.7129921 2.457874 2.0259843 2 P 0
L 2.457874 1.7129921 2.942126 1.7129921 2 P 0
L 2.457874 2.0259843 2.942126 2.0259843 2 P 0
L 2.507874 2.3629921 2.507874 2.6759843 2 P 0
L 2.507874 2.3629921 2.992126 2.3629921 2 P 0
L 2.507874 2.6759843 2.992126 2.6759843 2 P 0
L 2.507874 2.9129921 2.507874 3.2259843 2 P 0
L 2.507874 2.9129921 2.992126 2.9129921 2 P 0
L 2.507874 3.2259843 2.992126 3.2259843 2 P 0
L 2.507874 3.4629921 2.507874 3.7759843 2 P 0
L 2.507874 3.4629921 2.992126 3.4629921 2 P 0
L 2.507874 3.7759843 2.992126 3.7759843 2 P 0
L 2.942126 0.2129921 2.942126 0.5259843 2 P 0
L 2.942126 1.7129921 2.942126 2.0259843 2 P 0
L 2.992126 2.3629921 2.992126 2.6759843 2 P 0
L 2.992126 2.9129921 2.992126 3.2259843 2 P 0
L 2.992126 3.4629921 2.992126 3.7759843 2 P 0
L 3.057874 0.2129921 3.057874 0.5259843 2 P 0
L 3.057874 0.2129921 3.542126 0.2129921 2 P 0
L 3.057874 0.5259843 3.542126 0.5259843 2 P 0
L 3.057874 0.7129921 3.057874 1.0259843 2 P 0
L 3.057874 0.7129921 3.542126 0.7129921 2 P 0
L 3.057874 1.0259843 3.542126 1.0259843 2 P 0
L 3.057874 1.2129921 3.057874 1.5259843 2 P 0
L 3.057874 1.2129921 3.542126 1.2129921 2 P 0
L 3.057874 1.5259843 3.542126 1.5259843 2 P 0
L 3.057874 1.7129921 3.057874 2.0259843 2 P 0
L 3.057874 1.7129921 3.542126 1.7129921 2 P 0
L 3.057874 2.0259843 3.542126 2.0259843 2 P 0
L 3.1165354 5.4277559 3.1165354 5.7722441 1 P 0
L 3.1165354 5.4277559 3.2740158 5.4277559 1 P 0
L 3.1165354 5.7722441 3.2740158 5.7722441 1 P 0
L 3.257874 2.3629921 3.257874 2.6759843 2 P 0
L 3.257874 2.3629921 3.742126 2.3629921 2 P 0
L 3.257874 2.6759843 3.742126 2.6759843 2 P 0
L 3.257874 2.9129921 3.257874 3.2259843 2 P 0
L 3.257874 2.9129921 3.742126 2.9129921 2 P 0
L 3.257874 3.2259843 3.742126 3.2259843 2 P 0
L 3.257874 3.4629921 3.257874 3.7759843 2 P 0
L 3.257874 3.4629921 3.742126 3.4629921 2 P 0
L 3.257874 3.7759843 3.742126 3.7759843 2 P 0
L 3.2740158 5.4277559 3.2740158 5.7722441 1 P 0
L 3.542126 0.2129921 3.542126 0.5259843 2 P 0
L 3.542126 0.7129921 3.542126 1.0259843 2 P 0
L 3.542126 1.2129921 3.542126 1.5259843 2 P 0
L 3.542126 1.7129921 3.542126 2.0259843 2 P 0
L 3.742126 2.3629921 3.742126 2.6759843 2 P 0
L 3.742126 2.9129921 3.742126 3.2259843 2 P 0
L 3.742126 3.4629921 3.742126 3.7759843 2 P 0
L 4.9307087 5.7423228 4.9307087 6.1576772 1 P 0
L 4.9307087 5.7423228 5.115748 5.7423228 1 P 0
L 4.9307087 6.1576772 5.115748 6.1576772 1 P 0
L 4.9799213 5.7423228 4.9799213 6.1576772 1 P 0
L 5.115748 5.7423228 5.115748 6.1576772 1 P 0
L 5.3307087 5.7423228 5.3307087 6.1576772 1 P 0
L 5.3307087 5.7423228 5.515748 5.7423228 1 P 0
L 5.3307087 6.1576772 5.515748 6.1576772 1 P 0
L 5.3799213 5.7423228 5.3799213 6.1576772 1 P 0
L 5.515748 5.7423228 5.515748 6.1576772 1 P 0
L 5.7307087 5.7423228 5.7307087 6.1576772 1 P 0
L 5.7307087 5.7423228 5.915748 5.7423228 1 P 0
L 5.7307087 6.1576772 5.915748 6.1576772 1 P 0
L 5.7799213 5.7423228 5.7799213 6.1576772 1 P 0
L 5.915748 5.7423228 5.915748 6.1576772 1 P 0
L 6.1307087 5.7423228 6.1307087 6.1576772 1 P 0
L 6.1307087 5.7423228 6.315748 5.7423228 1 P 0
L 6.1307087 6.1576772 6.315748 6.1576772 1 P 0
L 6.1799213 5.7423228 6.1799213 6.1576772 1 P 0
L 6.315748 5.7423228 6.315748 6.1576772 1 P 0
L 7.257874 6.6629921 7.257874 6.9759843 2 P 0
L 7.257874 6.6629921 7.742126 6.6629921 2 P 0
L 7.257874 6.9759843 7.742126 6.9759843 2 P 0
L 7.742126 6.6629921 7.742126 6.9759843 2 P 0
L 8.5925 5.92371 8.5925 6.12071 3 P 0
L 8.5925 5.92371 9.3875 5.92371 3 P 0
L 8.5925 6.07071 9.3875 6.07071 3 P 0
L 8.5925 6.12071 9.3875 6.12071 3 P 0
L 8.68 7.07 8.68 7.284 3 P 0
L 8.68 7.07 9.1 7.07 3 P 0
L 8.68 7.284 9.1 7.284 3 P 0
L 8.97125 6.1082019 8.9879113 6.1082019 3 P 0 ;0,1=0,2=0.000000
L 8.9795806 6.1082019 8.9795806 6.08321 3 P 0 ;0,1=0,2=0.000000
L 8.9879113 6.1082019 8.9795806 6.1082019 3 P 0 ;0,1=0,2=0.000000
L 8.9962419 6.08321 8.9962419 6.0998713 3 P 0 ;0,1=0,2=0.000000
L 8.9962419 6.0998713 9.0045725 6.1082019 3 P 0 ;0,1=0,2=0.000000
L 9.0045725 6.1082019 9.0129032 6.0998713 3 P 0 ;0,1=0,2=0.000000
L 9.0129032 6.08321 9.0129032 6.095706 3 P 0 ;0,1=0,2=0.000000
L 9.0129032 6.095706 8.9962419 6.095706 3 P 0 ;0,1=0,2=0.000000
L 9.0129032 6.0998713 9.0129032 6.08321 3 P 0 ;0,1=0,2=0.000000
L 9.0212338 6.08321 9.0337298 6.08321 3 P 0 ;0,1=0,2=0.000000
L 9.0212338 6.095706 9.0337298 6.095706 3 P 0 ;0,1=0,2=0.000000
L 9.0212338 6.1082019 9.0212338 6.08321 3 P 0 ;0,1=0,2=0.000000
L 9.0337298 6.08321 9.0378951 6.0873753 3 P 0 ;0,1=0,2=0.000000
L 9.0337298 6.095706 9.0212338 6.095706 3 P 0 ;0,1=0,2=0.000000
L 9.0337298 6.095706 9.0378951 6.0998713 3 P 0 ;0,1=0,2=0.000000
L 9.0337298 6.1082019 9.0212338 6.1082019 3 P 0 ;0,1=0,2=0.000000
L 9.0378951 6.0873753 9.0378951 6.0915406 3 P 0 ;0,1=0,2=0.000000
L 9.0378951 6.0915406 9.0337298 6.095706 3 P 0 ;0,1=0,2=0.000000
L 9.0378951 6.0998713 9.0378951 6.1040366 3 P 0 ;0,1=0,2=0.000000
L 9.0378951 6.1040366 9.0337298 6.1082019 3 P 0 ;0,1=0,2=0.000000
L 9.1 7.07 9.1 7.284 3 P 0
L 9.3875 5.92371 9.3875 6.12071 3 P 0
L 9.8425 5.92371 10.6375 5.92371 3 P 0
L 9.8425 5.92371 9.8425 6.12071 3 P 0
L 9.8425 6.07071 10.6375 6.07071 3 P 0
L 9.8425 6.12071 10.6375 6.12071 3 P 0
L 9.98 7.07 10.4 7.07 3 P 0
L 9.98 7.07 9.98 7.284 3 P 0
L 9.98 7.284 10.4 7.284 3 P 0
