#Layer_Color=9474304
#
#Feature symbol names
#
$0 r5

#
#Feature attribute names
#

#
#Layer features
#
L 0.2350394 0.3 0.3649606 0.3 0 P 0
L 0.2350394 7.2 0.3649606 7.2 0 P 0
L 0.3 0.2350394 0.3 0.3649606 0 P 0
L 0.3 7.1350394 0.3 7.2649606 0 P 0
L 0.555 4.7 0.595 4.7 0 P 0
L 0.555 4.8 0.595 4.8 0 P 0
L 0.555 4.9 0.595 4.9 0 P 0
L 0.555 5 0.595 5 0 P 0
L 0.555 6.15 0.595 6.15 0 P 0
L 0.555 6.25 0.595 6.25 0 P 0
L 0.555 6.35 0.595 6.35 0 P 0
L 0.555 6.45 0.595 6.45 0 P 0
L 0.575 4.68 0.575 4.72 0 P 0
L 0.575 4.78 0.575 4.82 0 P 0
L 0.575 4.88 0.575 4.92 0 P 0
L 0.575 4.98 0.575 5.02 0 P 0
L 0.575 6.13 0.575 6.17 0 P 0
L 0.575 6.23 0.575 6.27 0 P 0
L 0.575 6.33 0.575 6.37 0 P 0
L 0.575 6.43 0.575 6.47 0 P 0
L 0.725 2.5 0.775 2.5 0 P 0
L 0.725 3.05 0.775 3.05 0 P 0
L 0.725 3.6 0.775 3.6 0 P 0
L 0.73 0.35 0.77 0.35 0 P 0
L 0.73 0.85 0.77 0.85 0 P 0
L 0.73 1.35 0.77 1.35 0 P 0
L 0.73 1.85 0.77 1.85 0 P 0
L 0.75 0.33 0.75 0.37 0 P 0
L 0.75 0.83 0.75 0.87 0 P 0
L 0.75 1.33 0.75 1.37 0 P 0
L 0.75 1.83 0.75 1.87 0 P 0
L 0.75 2.475 0.75 2.525 0 P 0
L 0.75 3.025 0.75 3.075 0 P 0
L 0.75 3.575 0.75 3.625 0 P 0
L 0.780315 5.3 0.819685 5.3 0 P 0
L 0.780315 5.85 0.819685 5.85 0 P 0
L 0.8 5.280315 0.8 5.319685 0 P 0
L 0.8 5.830315 0.8 5.869685 0 P 0
L 0.825 2.5 0.875 2.5 0 P 0
L 0.825 3.05 0.875 3.05 0 P 0
L 0.825 3.6 0.875 3.6 0 P 0
L 0.83 0.35 0.87 0.35 0 P 0
L 0.83 0.85 0.87 0.85 0 P 0
L 0.83 1.35 0.87 1.35 0 P 0
L 0.83 1.85 0.87 1.85 0 P 0
L 0.845 2.95 0.855 2.95 0 P 0
L 0.85 0.33 0.85 0.37 0 P 0
L 0.85 0.83 0.85 0.87 0 P 0
L 0.85 1.33 0.85 1.37 0 P 0
L 0.85 1.83 0.85 1.87 0 P 0
L 0.85 2.475 0.85 2.525 0 P 0
L 0.85 2.945 0.85 2.955 0 P 0
L 0.85 3.025 0.85 3.075 0 P 0
L 0.85 3.575 0.85 3.625 0 P 0
L 0.880315 5.3 0.919685 5.3 0 P 0
L 0.880315 5.85 0.919685 5.85 0 P 0
L 0.9 5.280315 0.9 5.319685 0 P 0
L 0.9 5.830315 0.9 5.869685 0 P 0
L 0.92 5.55 0.93 5.55 0 P 0
L 0.925 2.5 0.975 2.5 0 P 0
L 0.925 3.05 0.975 3.05 0 P 0
L 0.925 3.6 0.975 3.6 0 P 0
L 0.925 5.545 0.925 5.555 0 P 0
L 0.93 0.35 0.97 0.35 0 P 0
L 0.93 0.85 0.97 0.85 0 P 0
L 0.93 1.35 0.97 1.35 0 P 0
L 0.93 1.85 0.97 1.85 0 P 0
L 0.945 2.85 0.955 2.85 0 P 0
L 0.95 0.33 0.95 0.37 0 P 0
L 0.95 0.83 0.95 0.87 0 P 0
L 0.95 1.33 0.95 1.37 0 P 0
L 0.95 1.83 0.95 1.87 0 P 0
L 0.95 2.475 0.95 2.525 0 P 0
L 0.95 2.845 0.95 2.855 0 P 0
L 0.95 3.025 0.95 3.075 0 P 0
L 0.95 3.575 0.95 3.625 0 P 0
L 0.980315 5.3 1.019685 5.3 0 P 0
L 0.980315 5.85 1.019685 5.85 0 P 0
L 0.995 5.7 1.005 5.7 0 P 0
L 1 5.280315 1 5.319685 0 P 0
L 1 5.695 1 5.705 0 P 0
L 1 5.830315 1 5.869685 0 P 0
L 1.025 2.5 1.075 2.5 0 P 0
L 1.025 3.05 1.075 3.05 0 P 0
L 1.025 3.6 1.075 3.6 0 P 0
L 1.03 0.35 1.07 0.35 0 P 0
L 1.03 0.85 1.07 0.85 0 P 0
L 1.03 1.35 1.07 1.35 0 P 0
L 1.03 1.85 1.07 1.85 0 P 0
L 1.045 2.75 1.055 2.75 0 P 0
L 1.05 0.33 1.05 0.37 0 P 0
L 1.05 0.83 1.05 0.87 0 P 0
L 1.05 1.33 1.05 1.37 0 P 0
L 1.05 1.83 1.05 1.87 0 P 0
L 1.05 2.475 1.05 2.525 0 P 0
L 1.05 2.745 1.05 2.755 0 P 0
L 1.05 3.025 1.05 3.075 0 P 0
L 1.05 3.575 1.05 3.625 0 P 0
L 1.115 5.4 1.125 5.4 0 P 0
L 1.12 5.395 1.12 5.405 0 P 0
L 1.125 2.5 1.175 2.5 0 P 0
L 1.125 3.05 1.175 3.05 0 P 0
L 1.125 3.6 1.175 3.6 0 P 0
L 1.145 2.69 1.155 2.69 0 P 0
L 1.15 2.475 1.15 2.525 0 P 0
L 1.15 2.685 1.15 2.695 0 P 0
L 1.15 3.025 1.15 3.075 0 P 0
L 1.15 3.575 1.15 3.625 0 P 0
L 1.225 2.5 1.275 2.5 0 P 0
L 1.225 3.05 1.275 3.05 0 P 0
L 1.225 3.6 1.275 3.6 0 P 0
L 1.25 2.475 1.25 2.525 0 P 0
L 1.25 3.025 1.25 3.075 0 P 0
L 1.25 3.575 1.25 3.625 0 P 0
L 1.2515748 2.6240157 1.3326772 2.6240157 0 P 0
L 1.2515748 3.1740157 1.3326772 3.1740157 0 P 0
L 1.2515748 3.7240157 1.3326772 3.7240157 0 P 0
L 1.255 4.56 1.265 4.56 0 P 0
L 1.26 4.555 1.26 4.565 0 P 0
L 1.27 5.575 1.28 5.575 0 P 0
L 1.275 5.57 1.275 5.58 0 P 0
L 1.292126 2.5834645 1.292126 2.6645669 0 P 0
L 1.292126 3.1334645 1.292126 3.2145669 0 P 0
L 1.292126 3.6834645 1.292126 3.7645669 0 P 0
L 1.32 5.55 1.33 5.55 0 P 0
L 1.325 5.545 1.325 5.555 0 P 0
L 1.33 0.35 1.37 0.35 0 P 0
L 1.33 1.85 1.37 1.85 0 P 0
L 1.35 0.33 1.35 0.37 0 P 0
L 1.35 1.83 1.35 1.87 0 P 0
L 1.395 5.75 1.405 5.75 0 P 0
L 1.4 5.745 1.4 5.755 0 P 0
L 1.43 0.35 1.47 0.35 0 P 0
L 1.43 1.85 1.47 1.85 0 P 0
L 1.45 0.33 1.45 0.37 0 P 0
L 1.45 1.83 1.45 1.87 0 P 0
L 1.53 0.35 1.57 0.35 0 P 0
L 1.53 1.85 1.57 1.85 0 P 0
L 1.55 0.33 1.55 0.37 0 P 0
L 1.55 1.83 1.55 1.87 0 P 0
L 1.595 5.35 1.605 5.35 0 P 0
L 1.6 5.345 1.6 5.355 0 P 0
L 1.625 2.5 1.675 2.5 0 P 0
L 1.625 3.05 1.675 3.05 0 P 0
L 1.625 3.6 1.675 3.6 0 P 0
L 1.63 0.35 1.67 0.35 0 P 0
L 1.63 1.85 1.67 1.85 0 P 0
L 1.645 4.63 1.655 4.63 0 P 0
L 1.65 0.33 1.65 0.37 0 P 0
L 1.65 1.83 1.65 1.87 0 P 0
L 1.65 2.475 1.65 2.525 0 P 0
L 1.65 3.025 1.65 3.075 0 P 0
L 1.65 3.575 1.65 3.625 0 P 0
L 1.65 4.625 1.65 4.635 0 P 0
L 1.725 2.5 1.775 2.5 0 P 0
L 1.725 3.05 1.775 3.05 0 P 0
L 1.725 3.6 1.775 3.6 0 P 0
L 1.745 2.95 1.755 2.95 0 P 0
L 1.745 5.4 1.755 5.4 0 P 0
L 1.75 2.475 1.75 2.525 0 P 0
L 1.75 2.945 1.75 2.955 0 P 0
L 1.75 3.025 1.75 3.075 0 P 0
L 1.75 3.575 1.75 3.625 0 P 0
L 1.75 5.395 1.75 5.405 0 P 0
L 1.795 4.95 1.805 4.95 0 P 0
L 1.795 6.45 1.805 6.45 0 P 0
L 1.8 4.945 1.8 4.955 0 P 0
L 1.8 6.445 1.8 6.455 0 P 0
L 1.825 2.5 1.875 2.5 0 P 0
L 1.825 3.05 1.875 3.05 0 P 0
L 1.825 3.6 1.875 3.6 0 P 0
L 1.845 2.85 1.855 2.85 0 P 0
L 1.845 4.75 1.855 4.75 0 P 0
L 1.845 6.55 1.855 6.55 0 P 0
L 1.85 2.475 1.85 2.525 0 P 0
L 1.85 2.845 1.85 2.855 0 P 0
L 1.85 3.025 1.85 3.075 0 P 0
L 1.85 3.575 1.85 3.625 0 P 0
L 1.85 4.745 1.85 4.755 0 P 0
L 1.85 6.545 1.85 6.555 0 P 0
L 1.925 2.5 1.975 2.5 0 P 0
L 1.925 3.05 1.975 3.05 0 P 0
L 1.925 3.6 1.975 3.6 0 P 0
L 1.93 0.35 1.97 0.35 0 P 0
L 1.93 1.85 1.97 1.85 0 P 0
L 1.945 2.75 1.955 2.75 0 P 0
L 1.95 0.33 1.95 0.37 0 P 0
L 1.95 1.83 1.95 1.87 0 P 0
L 1.95 2.475 1.95 2.525 0 P 0
L 1.95 2.745 1.95 2.755 0 P 0
L 1.95 3.025 1.95 3.075 0 P 0
L 1.95 3.575 1.95 3.625 0 P 0
L 10.015 5.94 10.065 5.94 0 P 0
L 10.0177165 0.4 10.1240157 0.4 0 P 0
L 10.0177165 2.6834646 10.1240157 2.6834646 0 P 0
L 10.04 5.915 10.04 5.965 0 P 0
L 10.065 5.74 10.115 5.74 0 P 0
L 10.07 7.19 10.11 7.19 0 P 0
L 10.0708661 0.3468504 10.0708661 0.4531496 0 P 0
L 10.0708661 2.630315 10.0708661 2.7366142 0 P 0
L 10.085 5.49 10.095 5.49 0 P 0
L 10.09 5.485 10.09 5.495 0 P 0
L 10.09 5.715 10.09 5.765 0 P 0
L 10.09 7.17 10.09 7.21 0 P 0
L 10.115 5.94 10.165 5.94 0 P 0
L 10.1262205 6.24 10.1537795 6.24 0 P 0
L 10.1262205 6.54 10.1537795 6.54 0 P 0
L 10.14 5.915 10.14 5.965 0 P 0
L 10.14 6.2262205 10.14 6.2537795 0 P 0
L 10.14 6.5262205 10.14 6.5537795 0 P 0
L 10.165 5.74 10.215 5.74 0 P 0
L 10.17 7.19 10.21 7.19 0 P 0
L 10.176 5.19 10.204 5.19 0 P 0
L 10.185 5.49 10.195 5.49 0 P 0
L 10.19 5.176 10.19 5.204 0 P 0
L 10.19 5.485 10.19 5.495 0 P 0
L 10.19 5.715 10.19 5.765 0 P 0
L 10.19 7.17 10.19 7.21 0 P 0
L 10.215 5.94 10.265 5.94 0 P 0
L 10.24 5.915 10.24 5.965 0 P 0
L 10.265 5.74 10.315 5.74 0 P 0
L 10.27 7.19 10.31 7.19 0 P 0
L 10.2762205 6.24 10.3037795 6.24 0 P 0
L 10.2762205 6.54 10.3037795 6.54 0 P 0
L 10.29 5.715 10.29 5.765 0 P 0
L 10.29 6.2262205 10.29 6.2537795 0 P 0
L 10.29 6.5262205 10.29 6.5537795 0 P 0
L 10.29 7.17 10.29 7.21 0 P 0
L 10.315 5.94 10.365 5.94 0 P 0
L 10.34 5.915 10.34 5.965 0 P 0
L 10.365 5.74 10.415 5.74 0 P 0
L 10.39 5.715 10.39 5.765 0 P 0
L 10.415 5.94 10.465 5.94 0 P 0
L 10.426 6.3225 10.454 6.3225 0 P 0
L 10.44 5.915 10.44 5.965 0 P 0
L 10.44 6.3085 10.44 6.3365 0 P 0
L 10.465 5.74 10.515 5.74 0 P 0
L 10.49 5.715 10.49 5.765 0 P 0
L 10.515 5.94 10.565 5.94 0 P 0
L 10.54 5.915 10.54 5.965 0 P 0
L 10.565 5.74 10.615 5.74 0 P 0
L 10.576 5.19 10.604 5.19 0 P 0
L 10.59 5.176 10.59 5.204 0 P 0
L 10.59 5.715 10.59 5.765 0 P 0
L 10.675 1.35 10.685 1.35 0 P 0
L 10.675 4.32 10.685 4.32 0 P 0
L 10.68 1.345 10.68 1.355 0 P 0
L 10.68 4.315 10.68 4.325 0 P 0
L 10.965 1.54 10.975 1.54 0 P 0
L 10.965 4.43 10.975 4.43 0 P 0
L 10.97 1.535 10.97 1.545 0 P 0
L 10.97 4.425 10.97 4.435 0 P 0
L 11.285 2.45 11.295 2.45 0 P 0
L 11.29 2.445 11.29 2.455 0 P 0
L 11.355 6.84 11.365 6.84 0 P 0
L 11.36 6.835 11.36 6.845 0 P 0
L 11.570315 6.59 11.609685 6.59 0 P 0
L 11.585 1.45 11.595 1.45 0 P 0
L 11.59 1.445 11.59 1.455 0 P 0
L 11.59 6.570315 11.59 6.609685 0 P 0
L 11.6070867 6.925 11.6622047 6.925 0 P 0
L 11.6070867 7.1415354 11.6622047 7.1415354 0 P 0
L 11.6346457 6.897441 11.6346457 6.952559 0 P 0
L 11.6346457 7.1139764 11.6346457 7.1690944 0 P 0
L 11.670315 6.59 11.709685 6.59 0 P 0
L 11.69 6.570315 11.69 6.609685 0 P 0
L 11.770315 6.59 11.809685 6.59 0 P 0
L 11.772441 6.925 11.827559 6.925 0 P 0
L 11.772441 7.1415354 11.827559 7.1415354 0 P 0
L 11.79 6.570315 11.79 6.609685 0 P 0
L 11.8 6.897441 11.8 6.952559 0 P 0
L 11.8 7.1139764 11.8 7.1690944 0 P 0
L 11.9468504 0.4 12.0531496 0.4 0 P 0
L 11.9468504 2.6834646 12.0531496 2.6834646 0 P 0
L 11.9606299 5.1 12.0393701 5.1 0 P 0
L 11.976 6.59 12.004 6.59 0 P 0
L 11.976 6.69 12.004 6.69 0 P 0
L 11.976 6.79 12.004 6.79 0 P 0
L 11.99 6.576 11.99 6.604 0 P 0
L 11.99 6.676 11.99 6.704 0 P 0
L 11.99 6.776 11.99 6.804 0 P 0
L 12 0.3468504 12 0.4531496 0 P 0
L 12 2.630315 12 2.7366142 0 P 0
L 12 5.0606299 12 5.1393701 0 P 0
L 12.076 6.59 12.104 6.59 0 P 0
L 12.076 6.69 12.104 6.69 0 P 0
L 12.076 6.79 12.104 6.79 0 P 0
L 12.09 6.576 12.09 6.604 0 P 0
L 12.09 6.676 12.09 6.704 0 P 0
L 12.09 6.776 12.09 6.804 0 P 0
L 12.335 2.71 12.345 2.71 0 P 0
L 12.34 2.705 12.34 2.715 0 P 0
L 12.3543307 5.1 12.4330709 5.1 0 P 0
L 12.380315 5.8 12.419685 5.8 0 P 0
L 12.380315 5.9 12.419685 5.9 0 P 0
L 12.380315 6 12.419685 6 0 P 0
L 12.380315 6.35 12.419685 6.35 0 P 0
L 12.380315 6.45 12.419685 6.45 0 P 0
L 12.380315 6.55 12.419685 6.55 0 P 0
L 12.3937008 5.0606299 12.3937008 5.1393701 0 P 0
L 12.4 5.780315 12.4 5.819685 0 P 0
L 12.4 5.880315 12.4 5.919685 0 P 0
L 12.4 5.980315 12.4 6.019685 0 P 0
L 12.4 6.330315 12.4 6.369685 0 P 0
L 12.4 6.430315 12.4 6.469685 0 P 0
L 12.4 6.530315 12.4 6.569685 0 P 0
L 12.455 2.39 12.465 2.39 0 P 0
L 12.46 2.385 12.46 2.395 0 P 0
L 12.5433093 0.5500001 12.6692893 0.5500001 0 P 0
L 12.5433093 3.5000001 12.6692893 3.5000001 0 P 0
L 12.565 7.04 12.615 7.04 0 P 0
L 12.5875993 0.3000001 12.6249993 0.3000001 0 P 0
L 12.5875993 0.4000001 12.6249993 0.4000001 0 P 0
L 12.5895693 0.7000001 12.6230293 0.7000001 0 P 0
L 12.5895693 0.8000001 12.6230293 0.8000001 0 P 0
L 12.5895693 0.9000001 12.6230293 0.9000001 0 P 0
L 12.5895693 1.0000001 12.6230293 1.0000001 0 P 0
L 12.5895693 1.1000001 12.6230293 1.1000001 0 P 0
L 12.5895693 1.2000001 12.6230293 1.2000001 0 P 0
L 12.5895693 1.3000001 12.6230293 1.3000001 0 P 0
L 12.5895693 1.4000001 12.6230293 1.4000001 0 P 0
L 12.5895693 1.6000001 12.6230293 1.6000001 0 P 0
L 12.5895693 1.7000001 12.6230293 1.7000001 0 P 0
L 12.5895693 1.8000001 12.6230293 1.8000001 0 P 0
L 12.5895693 1.9000001 12.6230293 1.9000001 0 P 0
L 12.5895693 2.0000001 12.6230293 2.0000001 0 P 0
L 12.5895693 2.1000001 12.6230293 2.1000001 0 P 0
L 12.5895693 2.2000001 12.6230293 2.2000001 0 P 0
L 12.5895693 2.3000001 12.6230293 2.3000001 0 P 0
L 12.5895693 2.4600001 12.6230293 2.4600001 0 P 0
L 12.5895693 2.5600001 12.6230293 2.5600001 0 P 0
L 12.5895693 2.6600001 12.6230293 2.6600001 0 P 0
L 12.5895693 2.7600001 12.6230293 2.7600001 0 P 0
L 12.5895693 2.8600001 12.6230293 2.8600001 0 P 0
L 12.5895693 2.9600001 12.6230293 2.9600001 0 P 0
L 12.5895693 3.0600001 12.6230293 3.0600001 0 P 0
L 12.5895693 3.1600001 12.6230293 3.1600001 0 P 0
L 12.5895693 3.2600001 12.6230293 3.2600001 0 P 0
L 12.5895693 3.3600001 12.6230293 3.3600001 0 P 0
L 12.59 7.015 12.59 7.065 0 P 0
L 12.6062993 0.2813001 12.6062993 0.3187001 0 P 0
L 12.6062993 0.3813001 12.6062993 0.4187001 0 P 0
L 12.6062993 0.4870101 12.6062993 0.6129901 0 P 0
L 12.6062993 0.6832701 12.6062993 0.7167301 0 P 0
L 12.6062993 0.7832701 12.6062993 0.8167301 0 P 0
L 12.6062993 0.8832701 12.6062993 0.9167301 0 P 0
L 12.6062993 0.9832701 12.6062993 1.0167301 0 P 0
L 12.6062993 1.0832701 12.6062993 1.1167301 0 P 0
L 12.6062993 1.1832701 12.6062993 1.2167301 0 P 0
L 12.6062993 1.2832701 12.6062993 1.3167301 0 P 0
L 12.6062993 1.3832701 12.6062993 1.4167301 0 P 0
L 12.6062993 1.5832701 12.6062993 1.6167301 0 P 0
L 12.6062993 1.6832701 12.6062993 1.7167301 0 P 0
L 12.6062993 1.7832701 12.6062993 1.8167301 0 P 0
L 12.6062993 1.8832701 12.6062993 1.9167301 0 P 0
L 12.6062993 1.9832701 12.6062993 2.0167301 0 P 0
L 12.6062993 2.0832701 12.6062993 2.1167301 0 P 0
L 12.6062993 2.1832701 12.6062993 2.2167301 0 P 0
L 12.6062993 2.2832701 12.6062993 2.3167301 0 P 0
L 12.6062993 2.4432701 12.6062993 2.4767301 0 P 0
L 12.6062993 2.5432701 12.6062993 2.5767301 0 P 0
L 12.6062993 2.6432701 12.6062993 2.6767301 0 P 0
L 12.6062993 2.7432701 12.6062993 2.7767301 0 P 0
L 12.6062993 2.8432701 12.6062993 2.8767301 0 P 0
L 12.6062993 2.9432701 12.6062993 2.9767301 0 P 0
L 12.6062993 3.0432701 12.6062993 3.0767301 0 P 0
L 12.6062993 3.1432701 12.6062993 3.1767301 0 P 0
L 12.6062993 3.2432701 12.6062993 3.2767301 0 P 0
L 12.6062993 3.3432701 12.6062993 3.3767301 0 P 0
L 12.6062993 3.4370101 12.6062993 3.5629901 0 P 0
L 12.665 7.04 12.715 7.04 0 P 0
L 12.680315 5.8 12.719685 5.8 0 P 0
L 12.680315 5.9 12.719685 5.9 0 P 0
L 12.680315 6 12.719685 6 0 P 0
L 12.680315 6.35 12.719685 6.35 0 P 0
L 12.680315 6.45 12.719685 6.45 0 P 0
L 12.680315 6.55 12.719685 6.55 0 P 0
L 12.6875993 0.3000001 12.7249993 0.3000001 0 P 0
L 12.6875993 0.4000001 12.7249993 0.4000001 0 P 0
L 12.69 7.015 12.69 7.065 0 P 0
L 12.7 5.780315 12.7 5.819685 0 P 0
L 12.7 5.880315 12.7 5.919685 0 P 0
L 12.7 5.980315 12.7 6.019685 0 P 0
L 12.7 6.330315 12.7 6.369685 0 P 0
L 12.7 6.430315 12.7 6.469685 0 P 0
L 12.7 6.530315 12.7 6.569685 0 P 0
L 12.7062993 0.2813001 12.7062993 0.3187001 0 P 0
L 12.7062993 0.3813001 12.7062993 0.4187001 0 P 0
L 12.715 1.35 12.725 1.35 0 P 0
L 12.7175993 3.2800001 12.7549993 3.2800001 0 P 0
L 12.7175993 3.3800001 12.7549993 3.3800001 0 P 0
L 12.7175993 3.4800001 12.7549993 3.4800001 0 P 0
L 12.72 1.345 12.72 1.355 0 P 0
L 12.7362993 3.2613001 12.7362993 3.2987001 0 P 0
L 12.7362993 3.3613001 12.7362993 3.3987001 0 P 0
L 12.7362993 3.4613001 12.7362993 3.4987001 0 P 0
L 12.755 1.45 12.765 1.45 0 P 0
L 12.76 1.445 12.76 1.455 0 P 0
L 12.765 7.04 12.815 7.04 0 P 0
L 12.7875993 0.3000001 12.8249993 0.3000001 0 P 0
L 12.7875993 0.4000001 12.8249993 0.4000001 0 P 0
L 12.79 7.015 12.79 7.065 0 P 0
L 12.805 1.54 12.815 1.54 0 P 0
L 12.8062993 0.2813001 12.8062993 0.3187001 0 P 0
L 12.8062993 0.3813001 12.8062993 0.4187001 0 P 0
L 12.81 1.535 12.81 1.545 0 P 0
L 12.8175993 3.2800001 12.8549993 3.2800001 0 P 0
L 12.8175993 3.3800001 12.8549993 3.3800001 0 P 0
L 12.8175993 3.4800001 12.8549993 3.4800001 0 P 0
L 12.8362993 3.2613001 12.8362993 3.2987001 0 P 0
L 12.8362993 3.3613001 12.8362993 3.3987001 0 P 0
L 12.8362993 3.4613001 12.8362993 3.4987001 0 P 0
L 12.865 7.04 12.915 7.04 0 P 0
L 12.8875993 0.3000001 12.9249993 0.3000001 0 P 0
L 12.8875993 0.4000001 12.9249993 0.4000001 0 P 0
L 12.89 7.015 12.89 7.065 0 P 0
L 12.895 2.65 12.905 2.65 0 P 0
L 12.9 2.645 12.9 2.655 0 P 0
L 12.905 4.07 12.915 4.07 0 P 0
L 12.9062993 0.2813001 12.9062993 0.3187001 0 P 0
L 12.9062993 0.3813001 12.9062993 0.4187001 0 P 0
L 12.91 4.065 12.91 4.075 0 P 0
L 12.965 7.04 13.015 7.04 0 P 0
L 12.980315 5.8 13.019685 5.8 0 P 0
L 12.980315 5.9 13.019685 5.9 0 P 0
L 12.980315 6 13.019685 6 0 P 0
L 12.980315 6.35 13.019685 6.35 0 P 0
L 12.980315 6.45 13.019685 6.45 0 P 0
L 12.980315 6.55 13.019685 6.55 0 P 0
L 12.985 3.2 12.995 3.2 0 P 0
L 12.9875993 0.3000001 13.0249993 0.3000001 0 P 0
L 12.9875993 0.4000001 13.0249993 0.4000001 0 P 0
L 12.99 3.195 12.99 3.205 0 P 0
L 12.99 7.015 12.99 7.065 0 P 0
L 13 5.780315 13 5.819685 0 P 0
L 13 5.880315 13 5.919685 0 P 0
L 13 5.980315 13 6.019685 0 P 0
L 13 6.330315 13 6.369685 0 P 0
L 13 6.430315 13 6.469685 0 P 0
L 13 6.530315 13 6.569685 0 P 0
L 13.005 2.55 13.015 2.55 0 P 0
L 13.0062993 0.2813001 13.0062993 0.3187001 0 P 0
L 13.0062993 0.3813001 13.0062993 0.4187001 0 P 0
L 13.01 2.545 13.01 2.555 0 P 0
L 13.065 2.15 13.075 2.15 0 P 0
L 13.065 7.04 13.115 7.04 0 P 0
L 13.07 2.145 13.07 2.155 0 P 0
L 13.0875993 0.3000001 13.1249993 0.3000001 0 P 0
L 13.0875993 0.4000001 13.1249993 0.4000001 0 P 0
L 13.09 7.015 13.09 7.065 0 P 0
L 13.0915748 7.1640157 13.1726772 7.1640157 0 P 0
L 13.1062993 0.2813001 13.1062993 0.3187001 0 P 0
L 13.1062993 0.3813001 13.1062993 0.4187001 0 P 0
L 13.132126 7.1234645 13.132126 7.2045669 0 P 0
L 13.135 2.05 13.145 2.05 0 P 0
L 13.14 2.045 13.14 2.055 0 P 0
L 13.1433093 1.5000001 13.2692893 1.5000001 0 P 0
L 13.1875993 0.3000001 13.2249993 0.3000001 0 P 0
L 13.1875993 0.4000001 13.2249993 0.4000001 0 P 0
L 13.195 1.95 13.205 1.95 0 P 0
L 13.2 1.945 13.2 1.955 0 P 0
L 13.2062993 0.2813001 13.2062993 0.3187001 0 P 0
L 13.2062993 0.3813001 13.2062993 0.4187001 0 P 0
L 13.2062993 1.4370101 13.2062993 1.5629901 0 P 0
L 13.255 1.85 13.265 1.85 0 P 0
L 13.26 1.845 13.26 1.855 0 P 0
L 13.280315 5.8 13.319685 5.8 0 P 0
L 13.280315 5.9 13.319685 5.9 0 P 0
L 13.280315 6 13.319685 6 0 P 0
L 13.280315 6.35 13.319685 6.35 0 P 0
L 13.280315 6.45 13.319685 6.45 0 P 0
L 13.280315 6.55 13.319685 6.55 0 P 0
L 13.2875993 0.3000001 13.3249993 0.3000001 0 P 0
L 13.2875993 0.4000001 13.3249993 0.4000001 0 P 0
L 13.3 5.780315 13.3 5.819685 0 P 0
L 13.3 5.880315 13.3 5.919685 0 P 0
L 13.3 5.980315 13.3 6.019685 0 P 0
L 13.3 6.330315 13.3 6.369685 0 P 0
L 13.3 6.430315 13.3 6.469685 0 P 0
L 13.3 6.530315 13.3 6.569685 0 P 0
L 13.3062993 0.2813001 13.3062993 0.3187001 0 P 0
L 13.3062993 0.3813001 13.3062993 0.4187001 0 P 0
L 13.335 4.4 13.345 4.4 0 P 0
L 13.34 4.395 13.34 4.405 0 P 0
L 13.3875993 0.3000001 13.4249993 0.3000001 0 P 0
L 13.3875993 0.4000001 13.4249993 0.4000001 0 P 0
L 13.3875993 1.4950001 13.4249993 1.4950001 0 P 0
L 13.3875993 1.5950001 13.4249993 1.5950001 0 P 0
L 13.4062993 0.2813001 13.4062993 0.3187001 0 P 0
L 13.4062993 0.3813001 13.4062993 0.4187001 0 P 0
L 13.4062993 1.4763001 13.4062993 1.5137001 0 P 0
L 13.4062993 1.5763001 13.4062993 1.6137001 0 P 0
L 13.455 4.21 13.465 4.21 0 P 0
L 13.46 4.205 13.46 4.215 0 P 0
L 13.4875993 0.3000001 13.5249993 0.3000001 0 P 0
L 13.4875993 0.4000001 13.5249993 0.4000001 0 P 0
L 13.4875993 1.4950001 13.5249993 1.4950001 0 P 0
L 13.4875993 1.5950001 13.5249993 1.5950001 0 P 0
L 13.5062993 0.2813001 13.5062993 0.3187001 0 P 0
L 13.5062993 0.3813001 13.5062993 0.4187001 0 P 0
L 13.5062993 1.4763001 13.5062993 1.5137001 0 P 0
L 13.5062993 1.5763001 13.5062993 1.6137001 0 P 0
L 13.555 3.95 13.565 3.95 0 P 0
L 13.56 3.945 13.56 3.955 0 P 0
L 13.5875993 0.3000001 13.6249993 0.3000001 0 P 0
L 13.5875993 0.4000001 13.6249993 0.4000001 0 P 0
L 13.5875993 1.4950001 13.6249993 1.4950001 0 P 0
L 13.5875993 1.5950001 13.6249993 1.5950001 0 P 0
L 13.6062993 0.2813001 13.6062993 0.3187001 0 P 0
L 13.6062993 0.3813001 13.6062993 0.4187001 0 P 0
L 13.6062993 1.4763001 13.6062993 1.5137001 0 P 0
L 13.6062993 1.5763001 13.6062993 1.6137001 0 P 0
L 13.630315 5.8 13.669685 5.8 0 P 0
L 13.630315 5.9 13.669685 5.9 0 P 0
L 13.630315 6 13.669685 6 0 P 0
L 13.630315 6.45 13.669685 6.45 0 P 0
L 13.630315 6.55 13.669685 6.55 0 P 0
L 13.630315 6.65 13.669685 6.65 0 P 0
L 13.645 4.775 13.655 4.775 0 P 0
L 13.65 4.77 13.65 4.78 0 P 0
L 13.65 5.780315 13.65 5.819685 0 P 0
L 13.65 5.880315 13.65 5.919685 0 P 0
L 13.65 5.980315 13.65 6.019685 0 P 0
L 13.65 6.430315 13.65 6.469685 0 P 0
L 13.65 6.530315 13.65 6.569685 0 P 0
L 13.65 6.630315 13.65 6.669685 0 P 0
L 13.655 3.75 13.665 3.75 0 P 0
L 13.66 3.745 13.66 3.755 0 P 0
L 13.6875993 0.3000001 13.7249993 0.3000001 0 P 0
L 13.6875993 0.4000001 13.7249993 0.4000001 0 P 0
L 13.7062993 0.2813001 13.7062993 0.3187001 0 P 0
L 13.7062993 0.3813001 13.7062993 0.4187001 0 P 0
L 13.73 7.05 13.77 7.05 0 P 0
L 13.75 7.03 13.75 7.07 0 P 0
L 13.7875993 0.3000001 13.8249993 0.3000001 0 P 0
L 13.7875993 0.4000001 13.8249993 0.4000001 0 P 0
L 13.8062993 0.2813001 13.8062993 0.3187001 0 P 0
L 13.8062993 0.3813001 13.8062993 0.4187001 0 P 0
L 13.83 7.05 13.87 7.05 0 P 0
L 13.85 7.03 13.85 7.07 0 P 0
L 13.8875993 0.3000001 13.9249993 0.3000001 0 P 0
L 13.8875993 0.4000001 13.9249993 0.4000001 0 P 0
L 13.9062993 0.2813001 13.9062993 0.3187001 0 P 0
L 13.9062993 0.3813001 13.9062993 0.4187001 0 P 0
L 13.93 7.05 13.97 7.05 0 P 0
L 13.95 7.03 13.95 7.07 0 P 0
L 13.9875993 0.3000001 14.0249993 0.3000001 0 P 0
L 13.9875993 0.4000001 14.0249993 0.4000001 0 P 0
L 14.0062993 0.2813001 14.0062993 0.3187001 0 P 0
L 14.0062993 0.3813001 14.0062993 0.4187001 0 P 0
L 14.030315 5.8 14.069685 5.8 0 P 0
L 14.030315 5.9 14.069685 5.9 0 P 0
L 14.030315 6 14.069685 6 0 P 0
L 14.030315 6.45 14.069685 6.45 0 P 0
L 14.030315 6.55 14.069685 6.55 0 P 0
L 14.030315 6.65 14.069685 6.65 0 P 0
L 14.045 4.9 14.055 4.9 0 P 0
L 14.05 4.895 14.05 4.905 0 P 0
L 14.05 5.780315 14.05 5.819685 0 P 0
L 14.05 5.880315 14.05 5.919685 0 P 0
L 14.05 5.980315 14.05 6.019685 0 P 0
L 14.05 6.430315 14.05 6.469685 0 P 0
L 14.05 6.530315 14.05 6.569685 0 P 0
L 14.05 6.630315 14.05 6.669685 0 P 0
L 14.085 1.28 14.095 1.28 0 P 0
L 14.0875993 0.3000001 14.1249993 0.3000001 0 P 0
L 14.0875993 0.4000001 14.1249993 0.4000001 0 P 0
L 14.09 1.275 14.09 1.285 0 P 0
L 14.1062993 0.2813001 14.1062993 0.3187001 0 P 0
L 14.1062993 0.3813001 14.1062993 0.4187001 0 P 0
L 14.155 0.52 14.165 0.52 0 P 0
L 14.16 0.515 14.16 0.525 0 P 0
L 14.1875993 0.3000001 14.2249993 0.3000001 0 P 0
L 14.1875993 0.4000001 14.2249993 0.4000001 0 P 0
L 14.195 5.94 14.205 5.94 0 P 0
L 14.2 5.935 14.2 5.945 0 P 0
L 14.205 3.11 14.215 3.11 0 P 0
L 14.2062993 0.2813001 14.2062993 0.3187001 0 P 0
L 14.2062993 0.3813001 14.2062993 0.4187001 0 P 0
L 14.21 3.105 14.21 3.115 0 P 0
L 14.225 1.34 14.235 1.34 0 P 0
L 14.23 1.335 14.23 1.345 0 P 0
L 14.2433093 1.5000001 14.3692893 1.5000001 0 P 0
L 14.245 0.54 14.255 0.54 0 P 0
L 14.25 0.535 14.25 0.545 0 P 0
L 14.255 1.04 14.265 1.04 0 P 0
L 14.26 1.035 14.26 1.045 0 P 0
L 14.27 6.945 14.28 6.945 0 P 0
L 14.275 3.01 14.285 3.01 0 P 0
L 14.275 5.59 14.285 5.59 0 P 0
L 14.275 6.94 14.275 6.95 0 P 0
L 14.28 3.005 14.28 3.015 0 P 0
L 14.28 5.585 14.28 5.595 0 P 0
L 14.2875993 0.3000001 14.3249993 0.3000001 0 P 0
L 14.2875993 0.4000001 14.3249993 0.4000001 0 P 0
L 14.305 1.15 14.315 1.15 0 P 0
L 14.3062993 0.2813001 14.3062993 0.3187001 0 P 0
L 14.3062993 0.3813001 14.3062993 0.4187001 0 P 0
L 14.3062993 1.4370101 14.3062993 1.5629901 0 P 0
L 14.31 1.145 14.31 1.155 0 P 0
L 14.345 2.94 14.355 2.94 0 P 0
L 14.345 5.14 14.355 5.14 0 P 0
L 14.35 2.935 14.35 2.945 0 P 0
L 14.35 5.135 14.35 5.145 0 P 0
L 14.355 1.2 14.365 1.2 0 P 0
L 14.36 1.195 14.36 1.205 0 P 0
L 14.4433093 0.3000001 14.5692893 0.3000001 0 P 0
L 14.4433093 3.5500001 14.5692893 3.5500001 0 P 0
L 14.47 6.945 14.48 6.945 0 P 0
L 14.475 6.94 14.475 6.95 0 P 0
L 14.4895693 0.5000001 14.5230293 0.5000001 0 P 0
L 14.4895693 0.6000001 14.5230293 0.6000001 0 P 0
L 14.4895693 0.7000001 14.5230293 0.7000001 0 P 0
L 14.4895693 0.8000001 14.5230293 0.8000001 0 P 0
L 14.4895693 0.9000001 14.5230293 0.9000001 0 P 0
L 14.4895693 1.0000001 14.5230293 1.0000001 0 P 0
L 14.4895693 1.1000001 14.5230293 1.1000001 0 P 0
L 14.4895693 1.2000001 14.5230293 1.2000001 0 P 0
L 14.4895693 1.4000001 14.5230293 1.4000001 0 P 0
L 14.4895693 1.5000001 14.5230293 1.5000001 0 P 0
L 14.4895693 1.6000001 14.5230293 1.6000001 0 P 0
L 14.4895693 1.7000001 14.5230293 1.7000001 0 P 0
L 14.4895693 1.8000001 14.5230293 1.8000001 0 P 0
L 14.4895693 1.9000001 14.5230293 1.9000001 0 P 0
L 14.4895693 2.0000001 14.5230293 2.0000001 0 P 0
L 14.4895693 2.1000001 14.5230293 2.1000001 0 P 0
L 14.4895693 2.3000001 14.5230293 2.3000001 0 P 0
L 14.4895693 2.4000001 14.5230293 2.4000001 0 P 0
L 14.4895693 2.5000001 14.5230293 2.5000001 0 P 0
L 14.4895693 2.6000001 14.5230293 2.6000001 0 P 0
L 14.4895693 2.7000001 14.5230293 2.7000001 0 P 0
L 14.4895693 2.8000001 14.5230293 2.8000001 0 P 0
L 14.4895693 2.9000001 14.5230293 2.9000001 0 P 0
L 14.4895693 3.0000001 14.5230293 3.0000001 0 P 0
L 14.5062993 0.2370101 14.5062993 0.3629901 0 P 0
L 14.5062993 0.4832701 14.5062993 0.5167301 0 P 0
L 14.5062993 0.5832701 14.5062993 0.6167301 0 P 0
L 14.5062993 0.6832701 14.5062993 0.7167301 0 P 0
L 14.5062993 0.7832701 14.5062993 0.8167301 0 P 0
L 14.5062993 0.8832701 14.5062993 0.9167301 0 P 0
L 14.5062993 0.9832701 14.5062993 1.0167301 0 P 0
L 14.5062993 1.0832701 14.5062993 1.1167301 0 P 0
L 14.5062993 1.1832701 14.5062993 1.2167301 0 P 0
L 14.5062993 1.3832701 14.5062993 1.4167301 0 P 0
L 14.5062993 1.4832701 14.5062993 1.5167301 0 P 0
L 14.5062993 1.5832701 14.5062993 1.6167301 0 P 0
L 14.5062993 1.6832701 14.5062993 1.7167301 0 P 0
L 14.5062993 1.7832701 14.5062993 1.8167301 0 P 0
L 14.5062993 1.8832701 14.5062993 1.9167301 0 P 0
L 14.5062993 1.9832701 14.5062993 2.0167301 0 P 0
L 14.5062993 2.0832701 14.5062993 2.1167301 0 P 0
L 14.5062993 2.2832701 14.5062993 2.3167301 0 P 0
L 14.5062993 2.3832701 14.5062993 2.4167301 0 P 0
L 14.5062993 2.4832701 14.5062993 2.5167301 0 P 0
L 14.5062993 2.5832701 14.5062993 2.6167301 0 P 0
L 14.5062993 2.6832701 14.5062993 2.7167301 0 P 0
L 14.5062993 2.7832701 14.5062993 2.8167301 0 P 0
L 14.5062993 2.8832701 14.5062993 2.9167301 0 P 0
L 14.5062993 2.9832701 14.5062993 3.0167301 0 P 0
L 14.5062993 3.4870101 14.5062993 3.6129901 0 P 0
L 14.615 3.11 14.625 3.11 0 P 0
L 14.62 3.105 14.62 3.115 0 P 0
L 14.665 3.04 14.675 3.04 0 P 0
L 14.67 3.035 14.67 3.045 0 P 0
L 14.795 0.325 14.805 0.325 0 P 0
L 14.795 0.45 14.805 0.45 0 P 0
L 14.8 0.32 14.8 0.33 0 P 0
L 14.8 0.445 14.8 0.455 0 P 0
L 14.845 1.01 14.855 1.01 0 P 0
L 14.85 1.005 14.85 1.015 0 P 0
L 14.956 6.59 14.984 6.59 0 P 0
L 14.956 6.94 14.984 6.94 0 P 0
L 14.97 6.576 14.97 6.604 0 P 0
L 14.97 6.926 14.97 6.954 0 P 0
L 14.985 0.08 14.995 0.08 0 P 0
L 14.99 0.075 14.99 0.085 0 P 0
L 15.07 0.45 15.08 0.45 0 P 0
L 15.075 0.445 15.075 0.455 0 P 0
L 15.095 0.3250064 15.105 0.3250064 0 P 0
L 15.1 0.3200064 15.1 0.3300064 0 P 0
L 15.12 0.45 15.13 0.45 0 P 0
L 15.125 0.445 15.125 0.455 0 P 0
L 15.13 3.65 15.17 3.65 0 P 0
L 15.13 3.75 15.17 3.75 0 P 0
L 15.13 3.85 15.17 3.85 0 P 0
L 15.13 4.3 15.17 4.3 0 P 0
L 15.13 4.4 15.17 4.4 0 P 0
L 15.13 4.5 15.17 4.5 0 P 0
L 15.145 1.01 15.155 1.01 0 P 0
L 15.15 1.005 15.15 1.015 0 P 0
L 15.15 3.63 15.15 3.67 0 P 0
L 15.15 3.73 15.15 3.77 0 P 0
L 15.15 3.83 15.15 3.87 0 P 0
L 15.15 4.28 15.15 4.32 0 P 0
L 15.15 4.38 15.15 4.42 0 P 0
L 15.15 4.48 15.15 4.52 0 P 0
L 15.265 2.5 15.275 2.5 0 P 0
L 15.27 2.495 15.27 2.505 0 P 0
L 15.275 2.7 15.285 2.7 0 P 0
L 15.28 2.695 15.28 2.705 0 P 0
L 15.285 0.21 15.295 0.21 0 P 0
L 15.29 0.205 15.29 0.215 0 P 0
L 15.37 0.45 15.38 0.45 0 P 0
L 15.375 0.445 15.375 0.455 0 P 0
L 15.395 0.325 15.405 0.325 0 P 0
L 15.395 6.26 15.405 6.26 0 P 0
L 15.4 0.32 15.4 0.33 0 P 0
L 15.4 6.255 15.4 6.265 0 P 0
L 15.42 0.45 15.43 0.45 0 P 0
L 15.425 0.445 15.425 0.455 0 P 0
L 15.425 4.99 15.435 4.99 0 P 0
L 15.425 5.44 15.435 5.44 0 P 0
L 15.425 5.79 15.435 5.79 0 P 0
L 15.43 4.985 15.43 4.995 0 P 0
L 15.43 5.435 15.43 5.445 0 P 0
L 15.43 5.785 15.43 5.795 0 P 0
L 15.445 1.01 15.455 1.01 0 P 0
L 15.45 1.005 15.45 1.015 0 P 0
L 15.58 2.45 15.62 2.45 0 P 0
L 15.58 2.55 15.62 2.55 0 P 0
L 15.58 2.65 15.62 2.65 0 P 0
L 15.58 2.75 15.62 2.75 0 P 0
L 15.58 3.65 15.62 3.65 0 P 0
L 15.58 3.75 15.62 3.75 0 P 0
L 15.58 3.85 15.62 3.85 0 P 0
L 15.58 4.3 15.62 4.3 0 P 0
L 15.58 4.4 15.62 4.4 0 P 0
L 15.58 4.5 15.62 4.5 0 P 0
L 15.585 1.65 15.595 1.65 0 P 0
L 15.59 1.645 15.59 1.655 0 P 0
L 15.6 2.43 15.6 2.47 0 P 0
L 15.6 2.53 15.6 2.57 0 P 0
L 15.6 2.63 15.6 2.67 0 P 0
L 15.6 2.73 15.6 2.77 0 P 0
L 15.6 3.63 15.6 3.67 0 P 0
L 15.6 3.73 15.6 3.77 0 P 0
L 15.6 3.83 15.6 3.87 0 P 0
L 15.6 4.28 15.6 4.32 0 P 0
L 15.6 4.38 15.6 4.42 0 P 0
L 15.6 4.48 15.6 4.52 0 P 0
L 15.67 0.45 15.68 0.45 0 P 0
L 15.675 0.445 15.675 0.455 0 P 0
L 15.695 0.325 15.705 0.325 0 P 0
L 15.7 0.32 15.7 0.33 0 P 0
L 15.725 5.85 15.735 5.85 0 P 0
L 15.73 5.845 15.73 5.855 0 P 0
L 15.7305 0.45 15.7405 0.45 0 P 0
L 15.7355 0.445 15.7355 0.455 0 P 0
L 15.745 1.01 15.755 1.01 0 P 0
L 15.75 1.005 15.75 1.015 0 P 0
L 15.7588917 5.04 15.7688917 5.04 0 P 0
L 15.7638917 5.035 15.7638917 5.045 0 P 0
L 15.785 5.57 15.795 5.57 0 P 0
L 15.79 5.565 15.79 5.575 0 P 0
L 15.885 1.75 15.895 1.75 0 P 0
L 15.89 1.745 15.89 1.755 0 P 0
L 15.9 5.34 15.91 5.34 0 P 0
L 15.905 5.335 15.905 5.345 0 P 0
L 15.97 0.45 15.98 0.45 0 P 0
L 15.975 0.445 15.975 0.455 0 P 0
L 16.02 0.325 16.03 0.325 0 P 0
L 16.025 0.32 16.025 0.33 0 P 0
L 16.045 0.45 16.055 0.45 0 P 0
L 16.045 1.01 16.055 1.01 0 P 0
L 16.05 0.445 16.05 0.455 0 P 0
L 16.05 1.005 16.05 1.015 0 P 0
L 16.215 1.28 16.225 1.28 0 P 0
L 16.215 1.34 16.225 1.34 0 P 0
L 16.22 1.275 16.22 1.285 0 P 0
L 16.22 1.335 16.22 1.345 0 P 0
L 16.275 0.45 16.285 0.45 0 P 0
L 16.28 0.445 16.28 0.455 0 P 0
L 16.335 0.45 16.345 0.45 0 P 0
L 16.335 1.02 16.345 1.02 0 P 0
L 16.34 0.445 16.34 0.455 0 P 0
L 16.34 1.015 16.34 1.025 0 P 0
L 16.37 1.3 16.38 1.3 0 P 0
L 16.37 1.35 16.38 1.35 0 P 0
L 16.37 1.4 16.38 1.4 0 P 0
L 16.37 1.45 16.38 1.45 0 P 0
L 16.375 1.295 16.375 1.305 0 P 0
L 16.375 1.345 16.375 1.355 0 P 0
L 16.375 1.395 16.375 1.405 0 P 0
L 16.375 1.445 16.375 1.455 0 P 0
L 16.375 3.2 16.385 3.2 0 P 0
L 16.38 3.195 16.38 3.205 0 P 0
L 16.395 0.325 16.405 0.325 0 P 0
L 16.4 0.32 16.4 0.33 0 P 0
L 16.4070867 6.27 16.4622047 6.27 0 P 0
L 16.4070867 6.4865354 16.4622047 6.4865354 0 P 0
L 16.42 1.3 16.43 1.3 0 P 0
L 16.42 1.35 16.43 1.35 0 P 0
L 16.42 1.4 16.43 1.4 0 P 0
L 16.425 1.295 16.425 1.305 0 P 0
L 16.425 1.345 16.425 1.355 0 P 0
L 16.425 1.395 16.425 1.405 0 P 0
L 16.4346457 6.242441 16.4346457 6.297559 0 P 0
L 16.4346457 6.4589764 16.4346457 6.5140944 0 P 0
L 16.436 5.43 16.464 5.43 0 P 0
L 16.445 5.28 16.455 5.28 0 P 0
L 16.445 5.33 16.455 5.33 0 P 0
L 16.445 5.53 16.455 5.53 0 P 0
L 16.45 5.275 16.45 5.285 0 P 0
L 16.45 5.325 16.45 5.335 0 P 0
L 16.45 5.416 16.45 5.444 0 P 0
L 16.45 5.525 16.45 5.535 0 P 0
L 16.47 1.3 16.48 1.3 0 P 0
L 16.47 1.35 16.48 1.35 0 P 0
L 16.475 1.295 16.475 1.305 0 P 0
L 16.475 1.345 16.475 1.355 0 P 0
L 16.52 1.3 16.53 1.3 0 P 0
L 16.52 1.35 16.53 1.35 0 P 0
L 16.525 1.295 16.525 1.305 0 P 0
L 16.525 1.345 16.525 1.355 0 P 0
L 16.565 0.45 16.575 0.45 0 P 0
L 16.565 5.58 16.575 5.58 0 P 0
L 16.57 0.445 16.57 0.455 0 P 0
L 16.57 5.575 16.57 5.585 0 P 0
L 16.572441 6.27 16.627559 6.27 0 P 0
L 16.572441 6.4865354 16.627559 6.4865354 0 P 0
L 16.575 4.11 16.585 4.11 0 P 0
L 16.58 4.105 16.58 4.115 0 P 0
L 16.6 6.242441 16.6 6.297559 0 P 0
L 16.6 6.4589764 16.6 6.5140944 0 P 0
L 16.605 2.9 16.615 2.9 0 P 0
L 16.61 2.895 16.61 2.905 0 P 0
L 16.655 5.05 16.665 5.05 0 P 0
L 16.66 5.045 16.66 5.055 0 P 0
L 16.7255906 1.8622047 16.761811 1.8622047 0 P 0
L 16.7255906 1.9606299 16.761811 1.9606299 0 P 0
L 16.7255906 2.0393701 16.761811 2.0393701 0 P 0
L 16.7255906 2.1377953 16.761811 2.1377953 0 P 0
L 16.7437008 1.8440945 16.7437008 1.8803149 0 P 0
L 16.7437008 1.9425197 16.7437008 1.9787401 0 P 0
L 16.7437008 2.0212599 16.7437008 2.0574803 0 P 0
L 16.7437008 2.1196851 16.7437008 2.1559055 0 P 0
L 16.745 5.18 16.755 5.18 0 P 0
L 16.75 5.175 16.75 5.185 0 P 0
L 16.755 5.6 16.765 5.6 0 P 0
L 16.76 5.595 16.76 5.605 0 P 0
L 16.8051181 1.7413386 16.8956693 1.7413386 0 P 0
L 16.8051181 2.2586614 16.8956693 2.2586614 0 P 0
L 16.806 5.43 16.834 5.43 0 P 0
L 16.82 5.416 16.82 5.444 0 P 0
L 16.845 5.09 16.855 5.09 0 P 0
L 16.85 5.085 16.85 5.095 0 P 0
L 16.8503937 1.696063 16.8503937 1.7866142 0 P 0
L 16.8503937 2.2133858 16.8503937 2.303937 0 P 0
L 16.875 2.6 16.925 2.6 0 P 0
L 16.875 2.7 16.925 2.7 0 P 0
L 16.875 2.8 16.925 2.8 0 P 0
L 16.875 2.9 16.925 2.9 0 P 0
L 16.875 3 16.925 3 0 P 0
L 16.875 3.1 16.925 3.1 0 P 0
L 16.875 3.55 16.925 3.55 0 P 0
L 16.875 3.65 16.925 3.65 0 P 0
L 16.875 3.75 16.925 3.75 0 P 0
L 16.875 3.85 16.925 3.85 0 P 0
L 16.875 3.95 16.925 3.95 0 P 0
L 16.875 4.05 16.925 4.05 0 P 0
L 16.8850394 0.3 17.0149606 0.3 0 P 0
L 16.8850394 7.22 17.0149606 7.22 0 P 0
L 16.9 2.575 16.9 2.625 0 P 0
L 16.9 2.675 16.9 2.725 0 P 0
L 16.9 2.775 16.9 2.825 0 P 0
L 16.9 2.875 16.9 2.925 0 P 0
L 16.9 2.975 16.9 3.025 0 P 0
L 16.9 3.075 16.9 3.125 0 P 0
L 16.9 3.525 16.9 3.575 0 P 0
L 16.9 3.625 16.9 3.675 0 P 0
L 16.9 3.725 16.9 3.775 0 P 0
L 16.9 3.825 16.9 3.875 0 P 0
L 16.9 3.925 16.9 3.975 0 P 0
L 16.9 4.025 16.9 4.075 0 P 0
L 16.910315 6.29 16.949685 6.29 0 P 0
L 16.910315 6.39 16.949685 6.39 0 P 0
L 16.910315 6.49 16.949685 6.49 0 P 0
L 16.93 6.270315 16.93 6.309685 0 P 0
L 16.93 6.370315 16.93 6.409685 0 P 0
L 16.93 6.470315 16.93 6.509685 0 P 0
L 16.94 1.5 16.96 1.5 0 P 0
L 16.95 0.2350394 16.95 0.3649606 0 P 0
L 16.95 1.49 16.95 1.51 0 P 0
L 16.95 7.1550394 16.95 7.2849606 0 P 0
L 16.9834645 2.557874 17.0645669 2.557874 0 P 0
L 16.9834645 3.507874 17.0645669 3.507874 0 P 0
L 17.016 5.87 17.044 5.87 0 P 0
L 17.0240157 2.5173228 17.0240157 2.5984252 0 P 0
L 17.0240157 3.4673228 17.0240157 3.5484252 0 P 0
L 17.03 5.856 17.03 5.884 0 P 0
L 17.0528741 1.3015748 17.0745275 1.3015748 0 P 0
L 17.0528741 1.4984252 17.0745275 1.4984252 0 P 0
L 17.0637008 1.2907481 17.0637008 1.3124015 0 P 0
L 17.0637008 1.4875985 17.0637008 1.5092519 0 P 0
L 17.1601575 1.2622047 17.1798425 1.2622047 0 P 0
L 17.1601575 1.5377953 17.1798425 1.5377953 0 P 0
L 17.17 1.2523622 17.17 1.2720472 0 P 0
L 17.17 1.5279528 17.17 1.5476378 0 P 0
L 2.02 6.025 2.03 6.025 0 P 0
L 2.025 2.5 2.075 2.5 0 P 0
L 2.025 3.05 2.075 3.05 0 P 0
L 2.025 3.6 2.075 3.6 0 P 0
L 2.025 6.02 2.025 6.03 0 P 0
L 2.03 0.35 2.07 0.35 0 P 0
L 2.03 1.85 2.07 1.85 0 P 0
L 2.045 2.69 2.055 2.69 0 P 0
L 2.045 5.5 2.055 5.5 0 P 0
L 2.05 0.33 2.05 0.37 0 P 0
L 2.05 1.83 2.05 1.87 0 P 0
L 2.05 2.475 2.05 2.525 0 P 0
L 2.05 2.685 2.05 2.695 0 P 0
L 2.05 3.025 2.05 3.075 0 P 0
L 2.05 3.575 2.05 3.625 0 P 0
L 2.05 5.495 2.05 5.505 0 P 0
L 2.095 4.75 2.105 4.75 0 P 0
L 2.095 5.7 2.105 5.7 0 P 0
L 2.095 6.55 2.105 6.55 0 P 0
L 2.1 4.745 2.1 4.755 0 P 0
L 2.1 5.695 2.1 5.705 0 P 0
L 2.1 6.545 2.1 6.555 0 P 0
L 2.125 2.5 2.175 2.5 0 P 0
L 2.125 3.05 2.175 3.05 0 P 0
L 2.125 3.6 2.175 3.6 0 P 0
L 2.13 0.35 2.17 0.35 0 P 0
L 2.13 1.85 2.17 1.85 0 P 0
L 2.145 5.075 2.155 5.075 0 P 0
L 2.15 0.33 2.15 0.37 0 P 0
L 2.15 1.83 2.15 1.87 0 P 0
L 2.15 2.475 2.15 2.525 0 P 0
L 2.15 3.025 2.15 3.075 0 P 0
L 2.15 3.575 2.15 3.625 0 P 0
L 2.15 5.07 2.15 5.08 0 P 0
L 2.1515748 2.6240157 2.2326772 2.6240157 0 P 0
L 2.1515748 3.1740157 2.2326772 3.1740157 0 P 0
L 2.1515748 3.7240157 2.2326772 3.7240157 0 P 0
L 2.192126 2.5834645 2.192126 2.6645669 0 P 0
L 2.192126 3.1334645 2.192126 3.2145669 0 P 0
L 2.192126 3.6834645 2.192126 3.7645669 0 P 0
L 2.23 0.35 2.27 0.35 0 P 0
L 2.23 1.85 2.27 1.85 0 P 0
L 2.25 0.33 2.25 0.37 0 P 0
L 2.25 1.83 2.25 1.87 0 P 0
L 2.295 5.425 2.305 5.425 0 P 0
L 2.3 5.42 2.3 5.43 0 P 0
L 2.32 5.975 2.33 5.975 0 P 0
L 2.325 5.97 2.325 5.98 0 P 0
L 2.345 5.675 2.355 5.675 0 P 0
L 2.35 5.67 2.35 5.68 0 P 0
L 2.395 5.175 2.405 5.175 0 P 0
L 2.4 5.17 2.4 5.18 0 P 0
L 2.53 0.35 2.57 0.35 0 P 0
L 2.53 1.85 2.57 1.85 0 P 0
L 2.545 5.975 2.555 5.975 0 P 0
L 2.55 0.33 2.55 0.37 0 P 0
L 2.55 1.83 2.55 1.87 0 P 0
L 2.55 5.97 2.55 5.98 0 P 0
L 2.58 2.5 2.62 2.5 0 P 0
L 2.58 3.05 2.62 3.05 0 P 0
L 2.58 3.6 2.62 3.6 0 P 0
L 2.595 5.45 2.605 5.45 0 P 0
L 2.6 2.48 2.6 2.52 0 P 0
L 2.6 3.03 2.6 3.07 0 P 0
L 2.6 3.58 2.6 3.62 0 P 0
L 2.6 5.445 2.6 5.455 0 P 0
L 2.63 0.35 2.67 0.35 0 P 0
L 2.63 1.85 2.67 1.85 0 P 0
L 2.65 0.33 2.65 0.37 0 P 0
L 2.65 1.83 2.65 1.87 0 P 0
L 2.68 2.5 2.72 2.5 0 P 0
L 2.68 3.05 2.72 3.05 0 P 0
L 2.68 3.6 2.72 3.6 0 P 0
L 2.7 2.48 2.7 2.52 0 P 0
L 2.7 3.03 2.7 3.07 0 P 0
L 2.7 3.58 2.7 3.62 0 P 0
L 2.73 0.35 2.77 0.35 0 P 0
L 2.73 1.85 2.77 1.85 0 P 0
L 2.75 0.33 2.75 0.37 0 P 0
L 2.75 1.83 2.75 1.87 0 P 0
L 2.78 2.5 2.82 2.5 0 P 0
L 2.78 3.05 2.82 3.05 0 P 0
L 2.78 3.6 2.82 3.6 0 P 0
L 2.8 2.48 2.8 2.52 0 P 0
L 2.8 3.03 2.8 3.07 0 P 0
L 2.8 3.58 2.8 3.62 0 P 0
L 2.83 0.35 2.87 0.35 0 P 0
L 2.83 1.85 2.87 1.85 0 P 0
L 2.85 0.33 2.85 0.37 0 P 0
L 2.85 1.83 2.85 1.87 0 P 0
L 2.855 5.6 2.865 5.6 0 P 0
L 2.86 5.595 2.86 5.605 0 P 0
L 2.88 2.5 2.92 2.5 0 P 0
L 2.88 3.05 2.92 3.05 0 P 0
L 2.88 3.6 2.92 3.6 0 P 0
L 2.9 2.48 2.9 2.52 0 P 0
L 2.9 3.03 2.9 3.07 0 P 0
L 2.9 3.58 2.9 3.62 0 P 0
L 2.945 5.63 2.955 5.63 0 P 0
L 2.95 5.625 2.95 5.635 0 P 0
L 3.015 5.5 3.025 5.5 0 P 0
L 3.015 5.6 3.025 5.6 0 P 0
L 3.015 5.71 3.025 5.71 0 P 0
L 3.02 5.495 3.02 5.505 0 P 0
L 3.02 5.595 3.02 5.605 0 P 0
L 3.02 5.705 3.02 5.715 0 P 0
L 3.13 0.35 3.17 0.35 0 P 0
L 3.13 0.85 3.17 0.85 0 P 0
L 3.13 1.35 3.17 1.35 0 P 0
L 3.13 1.85 3.17 1.85 0 P 0
L 3.15 0.33 3.15 0.37 0 P 0
L 3.15 0.83 3.15 0.87 0 P 0
L 3.15 1.33 3.15 1.37 0 P 0
L 3.15 1.83 3.15 1.87 0 P 0
L 3.23 0.35 3.27 0.35 0 P 0
L 3.23 0.85 3.27 0.85 0 P 0
L 3.23 1.35 3.27 1.35 0 P 0
L 3.23 1.85 3.27 1.85 0 P 0
L 3.25 0.33 3.25 0.37 0 P 0
L 3.25 0.83 3.25 0.87 0 P 0
L 3.25 1.33 3.25 1.37 0 P 0
L 3.25 1.83 3.25 1.87 0 P 0
L 3.295 2.42 3.305 2.42 0 P 0
L 3.3 2.415 3.3 2.425 0 P 0
L 3.33 0.35 3.37 0.35 0 P 0
L 3.33 0.85 3.37 0.85 0 P 0
L 3.33 1.35 3.37 1.35 0 P 0
L 3.33 1.85 3.37 1.85 0 P 0
L 3.33 2.5 3.37 2.5 0 P 0
L 3.33 3.05 3.37 3.05 0 P 0
L 3.33 3.6 3.37 3.6 0 P 0
L 3.345 5.5 3.355 5.5 0 P 0
L 3.345 5.7 3.355 5.7 0 P 0
L 3.35 0.33 3.35 0.37 0 P 0
L 3.35 0.83 3.35 0.87 0 P 0
L 3.35 1.33 3.35 1.37 0 P 0
L 3.35 1.83 3.35 1.87 0 P 0
L 3.35 2.48 3.35 2.52 0 P 0
L 3.35 3.03 3.35 3.07 0 P 0
L 3.35 3.58 3.35 3.62 0 P 0
L 3.35 5.495 3.35 5.505 0 P 0
L 3.35 5.695 3.35 5.705 0 P 0
L 3.355 5.6 3.365 5.6 0 P 0
L 3.36 5.595 3.36 5.605 0 P 0
L 3.395 2.34 3.405 2.34 0 P 0
L 3.4 2.335 3.4 2.345 0 P 0
L 3.415 5.2 3.425 5.2 0 P 0
L 3.42 5.195 3.42 5.205 0 P 0
L 3.425 6 3.435 6 0 P 0
L 3.43 0.35 3.47 0.35 0 P 0
L 3.43 0.85 3.47 0.85 0 P 0
L 3.43 1.35 3.47 1.35 0 P 0
L 3.43 1.85 3.47 1.85 0 P 0
L 3.43 2.5 3.47 2.5 0 P 0
L 3.43 3.05 3.47 3.05 0 P 0
L 3.43 3.6 3.47 3.6 0 P 0
L 3.43 5.995 3.43 6.005 0 P 0
L 3.45 0.33 3.45 0.37 0 P 0
L 3.45 0.83 3.45 0.87 0 P 0
L 3.45 1.33 3.45 1.37 0 P 0
L 3.45 1.83 3.45 1.87 0 P 0
L 3.45 2.48 3.45 2.52 0 P 0
L 3.45 3.03 3.45 3.07 0 P 0
L 3.45 3.58 3.45 3.62 0 P 0
L 3.53 2.5 3.57 2.5 0 P 0
L 3.53 3.05 3.57 3.05 0 P 0
L 3.53 3.6 3.57 3.6 0 P 0
L 3.55 2.48 3.55 2.52 0 P 0
L 3.55 3.03 3.55 3.07 0 P 0
L 3.55 3.58 3.55 3.62 0 P 0
L 3.605 5.65 3.615 5.65 0 P 0
L 3.61 5.645 3.61 5.655 0 P 0
L 3.63 2.5 3.67 2.5 0 P 0
L 3.63 3.05 3.67 3.05 0 P 0
L 3.63 3.6 3.67 3.6 0 P 0
L 3.65 2.48 3.65 2.52 0 P 0
L 3.65 3.03 3.65 3.07 0 P 0
L 3.65 3.58 3.65 3.62 0 P 0
L 3.725 5.49 3.735 5.49 0 P 0
L 3.73 5.485 3.73 5.495 0 P 0
L 3.735 3.31 3.745 3.31 0 P 0
L 3.74 3.305 3.74 3.315 0 P 0
L 3.795 3.21 3.805 3.21 0 P 0
L 3.8 3.205 3.8 3.215 0 P 0
L 3.895 3.36 3.905 3.36 0 P 0
L 3.9 3.355 3.9 3.365 0 P 0
L 3.985 3.26 3.995 3.26 0 P 0
L 3.99 3.255 3.99 3.265 0 P 0
L 4.0822835 5.35 4.1177165 5.35 0 P 0
L 4.0822835 5.45 4.1177165 5.45 0 P 0
L 4.0822835 5.55 4.1177165 5.55 0 P 0
L 4.0822835 5.65 4.1177165 5.65 0 P 0
L 4.0822835 5.75 4.1177165 5.75 0 P 0
L 4.0822835 5.85 4.1177165 5.85 0 P 0
L 4.0822835 5.95 4.1177165 5.95 0 P 0
L 4.0822835 6.05 4.1177165 6.05 0 P 0
L 4.0822835 6.15 4.1177165 6.15 0 P 0
L 4.0822835 6.25 4.1177165 6.25 0 P 0
L 4.1 5.3322835 4.1 5.3677165 0 P 0
L 4.1 5.4322835 4.1 5.4677165 0 P 0
L 4.1 5.5322835 4.1 5.5677165 0 P 0
L 4.1 5.6322835 4.1 5.6677165 0 P 0
L 4.1 5.7322835 4.1 5.7677165 0 P 0
L 4.1 5.8322835 4.1 5.8677165 0 P 0
L 4.1 5.9322835 4.1 5.9677165 0 P 0
L 4.1 6.0322835 4.1 6.0677165 0 P 0
L 4.1 6.1322835 4.1 6.1677165 0 P 0
L 4.1 6.2322835 4.1 6.2677165 0 P 0
L 4.285 0.46 4.295 0.46 0 P 0
L 4.285 3.11 4.295 3.11 0 P 0
L 4.29 0.455 4.29 0.465 0 P 0
L 4.29 3.105 4.29 3.115 0 P 0
L 4.375 0.42 4.385 0.42 0 P 0
L 4.375 3.01 4.385 3.01 0 P 0
L 4.38 0.415 4.38 0.425 0 P 0
L 4.38 3.005 4.38 3.015 0 P 0
L 4.475 5.4 4.625 5.4 0 P 0
L 4.475 6.19 4.625 6.19 0 P 0
L 4.55 5.325 4.55 5.475 0 P 0
L 4.55 6.115 4.55 6.265 0 P 0
L 4.695 2.31 4.705 2.31 0 P 0
L 4.7 2.305 4.7 2.315 0 P 0
L 4.925 0.82 4.935 0.82 0 P 0
L 4.93 0.815 4.93 0.825 0 P 0
L 5.030315 5.85 5.069685 5.85 0 P 0
L 5.030315 5.95 5.069685 5.95 0 P 0
L 5.030315 6.05 5.069685 6.05 0 P 0
L 5.0433093 0.5500001 5.1692893 0.5500001 0 P 0
L 5.0433093 3.5000001 5.1692893 3.5000001 0 P 0
L 5.05 5.830315 5.05 5.869685 0 P 0
L 5.05 5.930315 5.05 5.969685 0 P 0
L 5.05 6.030315 5.05 6.069685 0 P 0
L 5.0875993 0.3000001 5.1249993 0.3000001 0 P 0
L 5.0875993 0.4000001 5.1249993 0.4000001 0 P 0
L 5.0895693 0.7000001 5.1230293 0.7000001 0 P 0
L 5.0895693 0.8000001 5.1230293 0.8000001 0 P 0
L 5.0895693 0.9000001 5.1230293 0.9000001 0 P 0
L 5.0895693 1.0000001 5.1230293 1.0000001 0 P 0
L 5.0895693 1.1000001 5.1230293 1.1000001 0 P 0
L 5.0895693 1.2000001 5.1230293 1.2000001 0 P 0
L 5.0895693 1.3000001 5.1230293 1.3000001 0 P 0
L 5.0895693 1.4000001 5.1230293 1.4000001 0 P 0
L 5.0895693 1.6000001 5.1230293 1.6000001 0 P 0
L 5.0895693 1.7000001 5.1230293 1.7000001 0 P 0
L 5.0895693 1.8000001 5.1230293 1.8000001 0 P 0
L 5.0895693 1.9000001 5.1230293 1.9000001 0 P 0
L 5.0895693 2.0000001 5.1230293 2.0000001 0 P 0
L 5.0895693 2.1000001 5.1230293 2.1000001 0 P 0
L 5.0895693 2.2000001 5.1230293 2.2000001 0 P 0
L 5.0895693 2.3000001 5.1230293 2.3000001 0 P 0
L 5.0895693 2.4600001 5.1230293 2.4600001 0 P 0
L 5.0895693 2.5600001 5.1230293 2.5600001 0 P 0
L 5.0895693 2.6600001 5.1230293 2.6600001 0 P 0
L 5.0895693 2.7600001 5.1230293 2.7600001 0 P 0
L 5.0895693 2.8600001 5.1230293 2.8600001 0 P 0
L 5.0895693 2.9600001 5.1230293 2.9600001 0 P 0
L 5.0895693 3.0600001 5.1230293 3.0600001 0 P 0
L 5.0895693 3.1600001 5.1230293 3.1600001 0 P 0
L 5.0895693 3.2600001 5.1230293 3.2600001 0 P 0
L 5.0895693 3.3600001 5.1230293 3.3600001 0 P 0
L 5.1062993 0.2813001 5.1062993 0.3187001 0 P 0
L 5.1062993 0.3813001 5.1062993 0.4187001 0 P 0
L 5.1062993 0.4870101 5.1062993 0.6129901 0 P 0
L 5.1062993 0.6832701 5.1062993 0.7167301 0 P 0
L 5.1062993 0.7832701 5.1062993 0.8167301 0 P 0
L 5.1062993 0.8832701 5.1062993 0.9167301 0 P 0
L 5.1062993 0.9832701 5.1062993 1.0167301 0 P 0
L 5.1062993 1.0832701 5.1062993 1.1167301 0 P 0
L 5.1062993 1.1832701 5.1062993 1.2167301 0 P 0
L 5.1062993 1.2832701 5.1062993 1.3167301 0 P 0
L 5.1062993 1.3832701 5.1062993 1.4167301 0 P 0
L 5.1062993 1.5832701 5.1062993 1.6167301 0 P 0
L 5.1062993 1.6832701 5.1062993 1.7167301 0 P 0
L 5.1062993 1.7832701 5.1062993 1.8167301 0 P 0
L 5.1062993 1.8832701 5.1062993 1.9167301 0 P 0
L 5.1062993 1.9832701 5.1062993 2.0167301 0 P 0
L 5.1062993 2.0832701 5.1062993 2.1167301 0 P 0
L 5.1062993 2.1832701 5.1062993 2.2167301 0 P 0
L 5.1062993 2.2832701 5.1062993 2.3167301 0 P 0
L 5.1062993 2.4432701 5.1062993 2.4767301 0 P 0
L 5.1062993 2.5432701 5.1062993 2.5767301 0 P 0
L 5.1062993 2.6432701 5.1062993 2.6767301 0 P 0
L 5.1062993 2.7432701 5.1062993 2.7767301 0 P 0
L 5.1062993 2.8432701 5.1062993 2.8767301 0 P 0
L 5.1062993 2.9432701 5.1062993 2.9767301 0 P 0
L 5.1062993 3.0432701 5.1062993 3.0767301 0 P 0
L 5.1062993 3.1432701 5.1062993 3.1767301 0 P 0
L 5.1062993 3.2432701 5.1062993 3.2767301 0 P 0
L 5.1062993 3.3432701 5.1062993 3.3767301 0 P 0
L 5.1062993 3.4370101 5.1062993 3.5629901 0 P 0
L 5.175 0.88 5.185 0.88 0 P 0
L 5.18 0.875 5.18 0.885 0 P 0
L 5.1875993 0.3000001 5.2249993 0.3000001 0 P 0
L 5.1875993 0.4000001 5.2249993 0.4000001 0 P 0
L 5.2062993 0.2813001 5.2062993 0.3187001 0 P 0
L 5.2062993 0.3813001 5.2062993 0.4187001 0 P 0
L 5.2175993 3.2800001 5.2549993 3.2800001 0 P 0
L 5.2175993 3.3800001 5.2549993 3.3800001 0 P 0
L 5.2175993 3.4800001 5.2549993 3.4800001 0 P 0
L 5.2362993 3.2613001 5.2362993 3.2987001 0 P 0
L 5.2362993 3.3613001 5.2362993 3.3987001 0 P 0
L 5.2362993 3.4613001 5.2362993 3.4987001 0 P 0
L 5.255 2.25 5.265 2.25 0 P 0
L 5.26 2.245 5.26 2.255 0 P 0
L 5.2875993 0.3000001 5.3249993 0.3000001 0 P 0
L 5.2875993 0.4000001 5.3249993 0.4000001 0 P 0
L 5.3062993 0.2813001 5.3062993 0.3187001 0 P 0
L 5.3062993 0.3813001 5.3062993 0.4187001 0 P 0
L 5.3175993 3.2800001 5.3549993 3.2800001 0 P 0
L 5.3175993 3.3800001 5.3549993 3.3800001 0 P 0
L 5.3175993 3.4800001 5.3549993 3.4800001 0 P 0
L 5.3362993 3.2613001 5.3362993 3.2987001 0 P 0
L 5.3362993 3.3613001 5.3362993 3.3987001 0 P 0
L 5.3362993 3.4613001 5.3362993 3.4987001 0 P 0
L 5.3875993 0.3000001 5.4249993 0.3000001 0 P 0
L 5.3875993 0.4000001 5.4249993 0.4000001 0 P 0
L 5.405 1.15 5.415 1.15 0 P 0
L 5.4062993 0.2813001 5.4062993 0.3187001 0 P 0
L 5.4062993 0.3813001 5.4062993 0.4187001 0 P 0
L 5.41 1.145 5.41 1.155 0 P 0
L 5.425 1.25 5.435 1.25 0 P 0
L 5.43 1.245 5.43 1.255 0 P 0
L 5.430315 5.85 5.469685 5.85 0 P 0
L 5.430315 5.95 5.469685 5.95 0 P 0
L 5.430315 6.05 5.469685 6.05 0 P 0
L 5.45 5.830315 5.45 5.869685 0 P 0
L 5.45 5.930315 5.45 5.969685 0 P 0
L 5.45 6.030315 5.45 6.069685 0 P 0
L 5.4875993 0.3000001 5.5249993 0.3000001 0 P 0
L 5.4875993 0.4000001 5.5249993 0.4000001 0 P 0
L 5.505 2.15 5.515 2.15 0 P 0
L 5.5062993 0.2813001 5.5062993 0.3187001 0 P 0
L 5.5062993 0.3813001 5.5062993 0.4187001 0 P 0
L 5.5070867 6.75 5.5622047 6.75 0 P 0
L 5.5070867 6.9665354 5.5622047 6.9665354 0 P 0
L 5.51 2.145 5.51 2.155 0 P 0
L 5.5346457 6.722441 5.5346457 6.777559 0 P 0
L 5.5346457 6.9389764 5.5346457 6.9940944 0 P 0
L 5.555 2.05 5.565 2.05 0 P 0
L 5.56 2.045 5.56 2.055 0 P 0
L 5.5875993 0.3000001 5.6249993 0.3000001 0 P 0
L 5.5875993 0.4000001 5.6249993 0.4000001 0 P 0
L 5.6062993 0.2813001 5.6062993 0.3187001 0 P 0
L 5.6062993 0.3813001 5.6062993 0.4187001 0 P 0
L 5.6433093 1.5000001 5.7692893 1.5000001 0 P 0
L 5.672441 6.75 5.727559 6.75 0 P 0
L 5.672441 6.9665354 5.727559 6.9665354 0 P 0
L 5.685 1.05 5.695 1.05 0 P 0
L 5.6875993 0.3000001 5.7249993 0.3000001 0 P 0
L 5.6875993 0.4000001 5.7249993 0.4000001 0 P 0
L 5.69 1.045 5.69 1.055 0 P 0
L 5.7 6.722441 5.7 6.777559 0 P 0
L 5.7 6.9389764 5.7 6.9940944 0 P 0
L 5.7062993 0.2813001 5.7062993 0.3187001 0 P 0
L 5.7062993 0.3813001 5.7062993 0.4187001 0 P 0
L 5.7062993 1.4370101 5.7062993 1.5629901 0 P 0
L 5.755 0.95 5.765 0.95 0 P 0
L 5.76 0.945 5.76 0.955 0 P 0
L 5.7875993 0.3000001 5.8249993 0.3000001 0 P 0
L 5.7875993 0.4000001 5.8249993 0.4000001 0 P 0
L 5.795 1.95 5.805 1.95 0 P 0
L 5.8 1.945 5.8 1.955 0 P 0
L 5.8062993 0.2813001 5.8062993 0.3187001 0 P 0
L 5.8062993 0.3813001 5.8062993 0.4187001 0 P 0
L 5.830315 5.85 5.869685 5.85 0 P 0
L 5.830315 5.95 5.869685 5.95 0 P 0
L 5.830315 6.05 5.869685 6.05 0 P 0
L 5.85 5.830315 5.85 5.869685 0 P 0
L 5.85 5.930315 5.85 5.969685 0 P 0
L 5.85 6.030315 5.85 6.069685 0 P 0
L 5.855 1.85 5.865 1.85 0 P 0
L 5.86 1.845 5.86 1.855 0 P 0
L 5.8875993 0.3000001 5.9249993 0.3000001 0 P 0
L 5.8875993 0.4000001 5.9249993 0.4000001 0 P 0
L 5.8875993 1.4950001 5.9249993 1.4950001 0 P 0
L 5.8875993 1.5950001 5.9249993 1.5950001 0 P 0
L 5.9062993 0.2813001 5.9062993 0.3187001 0 P 0
L 5.9062993 0.3813001 5.9062993 0.4187001 0 P 0
L 5.9062993 1.4763001 5.9062993 1.5137001 0 P 0
L 5.9062993 1.5763001 5.9062993 1.6137001 0 P 0
L 5.955 2.41 5.965 2.41 0 P 0
L 5.96 2.405 5.96 2.415 0 P 0
L 5.9875993 0.3000001 6.0249993 0.3000001 0 P 0
L 5.9875993 0.4000001 6.0249993 0.4000001 0 P 0
L 5.9875993 1.4950001 6.0249993 1.4950001 0 P 0
L 5.9875993 1.5950001 6.0249993 1.5950001 0 P 0
L 6.0062993 0.2813001 6.0062993 0.3187001 0 P 0
L 6.0062993 0.3813001 6.0062993 0.4187001 0 P 0
L 6.0062993 1.4763001 6.0062993 1.5137001 0 P 0
L 6.0062993 1.5763001 6.0062993 1.6137001 0 P 0
L 6.055 2.35 6.065 2.35 0 P 0
L 6.06 2.345 6.06 2.355 0 P 0
L 6.0875993 0.3000001 6.1249993 0.3000001 0 P 0
L 6.0875993 0.4000001 6.1249993 0.4000001 0 P 0
L 6.0875993 1.4950001 6.1249993 1.4950001 0 P 0
L 6.0875993 1.5950001 6.1249993 1.5950001 0 P 0
L 6.105 1.34 6.115 1.34 0 P 0
L 6.1062993 0.2813001 6.1062993 0.3187001 0 P 0
L 6.1062993 0.3813001 6.1062993 0.4187001 0 P 0
L 6.1062993 1.4763001 6.1062993 1.5137001 0 P 0
L 6.1062993 1.5763001 6.1062993 1.6137001 0 P 0
L 6.11 1.335 6.11 1.345 0 P 0
L 6.155 1.38 6.165 1.38 0 P 0
L 6.16 1.375 6.16 1.385 0 P 0
L 6.1875993 0.3000001 6.2249993 0.3000001 0 P 0
L 6.1875993 0.4000001 6.2249993 0.4000001 0 P 0
L 6.205 3.11 6.215 3.11 0 P 0
L 6.2062993 0.2813001 6.2062993 0.3187001 0 P 0
L 6.2062993 0.3813001 6.2062993 0.4187001 0 P 0
L 6.21 3.105 6.21 3.115 0 P 0
L 6.230315 5.85 6.269685 5.85 0 P 0
L 6.230315 5.95 6.269685 5.95 0 P 0
L 6.230315 6.05 6.269685 6.05 0 P 0
L 6.25 5.830315 6.25 5.869685 0 P 0
L 6.25 5.930315 6.25 5.969685 0 P 0
L 6.25 6.030315 6.25 6.069685 0 P 0
L 6.265 3.01 6.275 3.01 0 P 0
L 6.27 3.005 6.27 3.015 0 P 0
L 6.2875993 0.3000001 6.3249993 0.3000001 0 P 0
L 6.2875993 0.4000001 6.3249993 0.4000001 0 P 0
L 6.295 0.82 6.305 0.82 0 P 0
L 6.3 0.815 6.3 0.825 0 P 0
L 6.3062993 0.2813001 6.3062993 0.3187001 0 P 0
L 6.3062993 0.3813001 6.3062993 0.4187001 0 P 0
L 6.355 0.88 6.365 0.88 0 P 0
L 6.36 0.875 6.36 0.885 0 P 0
L 6.3875993 0.3000001 6.4249993 0.3000001 0 P 0
L 6.3875993 0.4000001 6.4249993 0.4000001 0 P 0
L 6.405 1.29 6.415 1.29 0 P 0
L 6.4062993 0.2813001 6.4062993 0.3187001 0 P 0
L 6.4062993 0.3813001 6.4062993 0.4187001 0 P 0
L 6.41 1.285 6.41 1.295 0 P 0
L 6.425 5.41 6.435 5.41 0 P 0
L 6.43 5.405 6.43 5.415 0 P 0
L 6.455 1.24 6.465 1.24 0 P 0
L 6.46 1.235 6.46 1.245 0 P 0
L 6.4875993 0.3000001 6.5249993 0.3000001 0 P 0
L 6.4875993 0.4000001 6.5249993 0.4000001 0 P 0
L 6.505 1.69 6.515 1.69 0 P 0
L 6.5062993 0.2813001 6.5062993 0.3187001 0 P 0
L 6.5062993 0.3813001 6.5062993 0.4187001 0 P 0
L 6.51 1.685 6.51 1.695 0 P 0
L 6.53 5.25 6.57 5.25 0 P 0
L 6.53 5.35 6.57 5.35 0 P 0
L 6.53 5.45 6.57 5.45 0 P 0
L 6.53 5.55 6.57 5.55 0 P 0
L 6.53 5.65 6.57 5.65 0 P 0
L 6.53 5.75 6.57 5.75 0 P 0
L 6.53 5.85 6.57 5.85 0 P 0
L 6.53 5.95 6.57 5.95 0 P 0
L 6.53 6.05 6.57 6.05 0 P 0
L 6.53 6.15 6.57 6.15 0 P 0
L 6.535 5 6.665 5 0 P 0
L 6.535 6.4 6.665 6.4 0 P 0
L 6.55 5.23 6.55 5.27 0 P 0
L 6.55 5.33 6.55 5.37 0 P 0
L 6.55 5.43 6.55 5.47 0 P 0
L 6.55 5.53 6.55 5.57 0 P 0
L 6.55 5.63 6.55 5.67 0 P 0
L 6.55 5.73 6.55 5.77 0 P 0
L 6.55 5.83 6.55 5.87 0 P 0
L 6.55 5.93 6.55 5.97 0 P 0
L 6.55 6.03 6.55 6.07 0 P 0
L 6.55 6.13 6.55 6.17 0 P 0
L 6.555 1.75 6.565 1.75 0 P 0
L 6.56 1.745 6.56 1.755 0 P 0
L 6.5875993 0.3000001 6.6249993 0.3000001 0 P 0
L 6.5875993 0.4000001 6.6249993 0.4000001 0 P 0
L 6.6 4.935 6.6 5.065 0 P 0
L 6.6 6.335 6.6 6.465 0 P 0
L 6.605 4.25 6.615 4.25 0 P 0
L 6.6062993 0.2813001 6.6062993 0.3187001 0 P 0
L 6.6062993 0.3813001 6.6062993 0.4187001 0 P 0
L 6.61 4.245 6.61 4.255 0 P 0
L 6.655 0.85 6.665 0.85 0 P 0
L 6.66 0.845 6.66 0.855 0 P 0
L 6.665 4.33 6.675 4.33 0 P 0
L 6.67 4.325 6.67 4.335 0 P 0
L 6.6875993 0.3000001 6.7249993 0.3000001 0 P 0
L 6.6875993 0.4000001 6.7249993 0.4000001 0 P 0
L 6.7062993 0.2813001 6.7062993 0.3187001 0 P 0
L 6.7062993 0.3813001 6.7062993 0.4187001 0 P 0
L 6.715 4.42 6.725 4.42 0 P 0
L 6.72 4.415 6.72 4.425 0 P 0
L 6.7433093 1.5000001 6.8692893 1.5000001 0 P 0
L 6.755 0.95 6.765 0.95 0 P 0
L 6.76 0.945 6.76 0.955 0 P 0
L 6.775 4.49 6.785 4.49 0 P 0
L 6.78 4.485 6.78 4.495 0 P 0
L 6.7875993 0.3000001 6.8249993 0.3000001 0 P 0
L 6.7875993 0.4000001 6.8249993 0.4000001 0 P 0
L 6.8062993 0.2813001 6.8062993 0.3187001 0 P 0
L 6.8062993 0.3813001 6.8062993 0.4187001 0 P 0
L 6.8062993 1.4370101 6.8062993 1.5629901 0 P 0
L 6.9433093 0.3000001 7.0692893 0.3000001 0 P 0
L 6.9433093 3.5500001 7.0692893 3.5500001 0 P 0
L 6.9895693 0.5000001 7.0230293 0.5000001 0 P 0
L 6.9895693 0.6000001 7.0230293 0.6000001 0 P 0
L 6.9895693 0.7000001 7.0230293 0.7000001 0 P 0
L 6.9895693 0.8000001 7.0230293 0.8000001 0 P 0
L 6.9895693 0.9000001 7.0230293 0.9000001 0 P 0
L 6.9895693 1.0000001 7.0230293 1.0000001 0 P 0
L 6.9895693 1.1000001 7.0230293 1.1000001 0 P 0
L 6.9895693 1.2000001 7.0230293 1.2000001 0 P 0
L 6.9895693 1.4000001 7.0230293 1.4000001 0 P 0
L 6.9895693 1.5000001 7.0230293 1.5000001 0 P 0
L 6.9895693 1.6000001 7.0230293 1.6000001 0 P 0
L 6.9895693 1.7000001 7.0230293 1.7000001 0 P 0
L 6.9895693 1.8000001 7.0230293 1.8000001 0 P 0
L 6.9895693 1.9000001 7.0230293 1.9000001 0 P 0
L 6.9895693 2.0000001 7.0230293 2.0000001 0 P 0
L 6.9895693 2.1000001 7.0230293 2.1000001 0 P 0
L 6.9895693 2.3000001 7.0230293 2.3000001 0 P 0
L 6.9895693 2.4000001 7.0230293 2.4000001 0 P 0
L 6.9895693 2.5000001 7.0230293 2.5000001 0 P 0
L 6.9895693 2.6000001 7.0230293 2.6000001 0 P 0
L 6.9895693 2.7000001 7.0230293 2.7000001 0 P 0
L 6.9895693 2.8000001 7.0230293 2.8000001 0 P 0
L 6.9895693 2.9000001 7.0230293 2.9000001 0 P 0
L 6.9895693 3.0000001 7.0230293 3.0000001 0 P 0
L 7.0062993 0.2370101 7.0062993 0.3629901 0 P 0
L 7.0062993 0.4832701 7.0062993 0.5167301 0 P 0
L 7.0062993 0.5832701 7.0062993 0.6167301 0 P 0
L 7.0062993 0.6832701 7.0062993 0.7167301 0 P 0
L 7.0062993 0.7832701 7.0062993 0.8167301 0 P 0
L 7.0062993 0.8832701 7.0062993 0.9167301 0 P 0
L 7.0062993 0.9832701 7.0062993 1.0167301 0 P 0
L 7.0062993 1.0832701 7.0062993 1.1167301 0 P 0
L 7.0062993 1.1832701 7.0062993 1.2167301 0 P 0
L 7.0062993 1.3832701 7.0062993 1.4167301 0 P 0
L 7.0062993 1.4832701 7.0062993 1.5167301 0 P 0
L 7.0062993 1.5832701 7.0062993 1.6167301 0 P 0
L 7.0062993 1.6832701 7.0062993 1.7167301 0 P 0
L 7.0062993 1.7832701 7.0062993 1.8167301 0 P 0
L 7.0062993 1.8832701 7.0062993 1.9167301 0 P 0
L 7.0062993 1.9832701 7.0062993 2.0167301 0 P 0
L 7.0062993 2.0832701 7.0062993 2.1167301 0 P 0
L 7.0062993 2.2832701 7.0062993 2.3167301 0 P 0
L 7.0062993 2.3832701 7.0062993 2.4167301 0 P 0
L 7.0062993 2.4832701 7.0062993 2.5167301 0 P 0
L 7.0062993 2.5832701 7.0062993 2.6167301 0 P 0
L 7.0062993 2.6832701 7.0062993 2.7167301 0 P 0
L 7.0062993 2.7832701 7.0062993 2.8167301 0 P 0
L 7.0062993 2.8832701 7.0062993 2.9167301 0 P 0
L 7.0062993 2.9832701 7.0062993 3.0167301 0 P 0
L 7.0062993 3.4870101 7.0062993 3.6129901 0 P 0
L 7.125 2.65 7.135 2.65 0 P 0
L 7.13 2.645 7.13 2.655 0 P 0
L 7.165 2.55 7.175 2.55 0 P 0
L 7.17 2.545 7.17 2.555 0 P 0
L 7.205 2.85 7.215 2.85 0 P 0
L 7.21 2.845 7.21 2.855 0 P 0
L 7.245 2.95 7.255 2.95 0 P 0
L 7.25 2.945 7.25 2.955 0 P 0
L 7.33 6.8 7.37 6.8 0 P 0
L 7.335 4.75 7.345 4.75 0 P 0
L 7.34 4.745 7.34 4.755 0 P 0
L 7.35 6.78 7.35 6.82 0 P 0
L 7.395 4.85 7.405 4.85 0 P 0
L 7.4 4.845 7.4 4.855 0 P 0
L 7.43 6.8 7.47 6.8 0 P 0
L 7.445 4.56 7.455 4.56 0 P 0
L 7.45 4.555 7.45 4.565 0 P 0
L 7.45 6.78 7.45 6.82 0 P 0
L 7.455 0.5 7.465 0.5 0 P 0
L 7.455 1.05 7.465 1.05 0 P 0
L 7.46 0.495 7.46 0.505 0 P 0
L 7.46 1.045 7.46 1.055 0 P 0
L 7.495 4.63 7.505 4.63 0 P 0
L 7.5 4.625 7.5 4.635 0 P 0
L 7.53 6.8 7.57 6.8 0 P 0
L 7.5433093 0.5500001 7.6692893 0.5500001 0 P 0
L 7.5433093 3.5000001 7.6692893 3.5000001 0 P 0
L 7.55 6.78 7.55 6.82 0 P 0
L 7.5875993 0.3000001 7.6249993 0.3000001 0 P 0
L 7.5875993 0.4000001 7.6249993 0.4000001 0 P 0
L 7.5895693 0.7000001 7.6230293 0.7000001 0 P 0
L 7.5895693 0.8000001 7.6230293 0.8000001 0 P 0
L 7.5895693 0.9000001 7.6230293 0.9000001 0 P 0
L 7.5895693 1.0000001 7.6230293 1.0000001 0 P 0
L 7.5895693 1.1000001 7.6230293 1.1000001 0 P 0
L 7.5895693 1.2000001 7.6230293 1.2000001 0 P 0
L 7.5895693 1.3000001 7.6230293 1.3000001 0 P 0
L 7.5895693 1.4000001 7.6230293 1.4000001 0 P 0
L 7.5895693 1.6000001 7.6230293 1.6000001 0 P 0
L 7.5895693 1.7000001 7.6230293 1.7000001 0 P 0
L 7.5895693 1.8000001 7.6230293 1.8000001 0 P 0
L 7.5895693 1.9000001 7.6230293 1.9000001 0 P 0
L 7.5895693 2.0000001 7.6230293 2.0000001 0 P 0
L 7.5895693 2.1000001 7.6230293 2.1000001 0 P 0
L 7.5895693 2.2000001 7.6230293 2.2000001 0 P 0
L 7.5895693 2.3000001 7.6230293 2.3000001 0 P 0
L 7.5895693 2.4600001 7.6230293 2.4600001 0 P 0
L 7.5895693 2.5600001 7.6230293 2.5600001 0 P 0
L 7.5895693 2.6600001 7.6230293 2.6600001 0 P 0
L 7.5895693 2.7600001 7.6230293 2.7600001 0 P 0
L 7.5895693 2.8600001 7.6230293 2.8600001 0 P 0
L 7.5895693 2.9600001 7.6230293 2.9600001 0 P 0
L 7.5895693 3.0600001 7.6230293 3.0600001 0 P 0
L 7.5895693 3.1600001 7.6230293 3.1600001 0 P 0
L 7.5895693 3.2600001 7.6230293 3.2600001 0 P 0
L 7.5895693 3.3600001 7.6230293 3.3600001 0 P 0
L 7.6062993 0.2813001 7.6062993 0.3187001 0 P 0
L 7.6062993 0.3813001 7.6062993 0.4187001 0 P 0
L 7.6062993 0.4870101 7.6062993 0.6129901 0 P 0
L 7.6062993 0.6832701 7.6062993 0.7167301 0 P 0
L 7.6062993 0.7832701 7.6062993 0.8167301 0 P 0
L 7.6062993 0.8832701 7.6062993 0.9167301 0 P 0
L 7.6062993 0.9832701 7.6062993 1.0167301 0 P 0
L 7.6062993 1.0832701 7.6062993 1.1167301 0 P 0
L 7.6062993 1.1832701 7.6062993 1.2167301 0 P 0
L 7.6062993 1.2832701 7.6062993 1.3167301 0 P 0
L 7.6062993 1.3832701 7.6062993 1.4167301 0 P 0
L 7.6062993 1.5832701 7.6062993 1.6167301 0 P 0
L 7.6062993 1.6832701 7.6062993 1.7167301 0 P 0
L 7.6062993 1.7832701 7.6062993 1.8167301 0 P 0
L 7.6062993 1.8832701 7.6062993 1.9167301 0 P 0
L 7.6062993 1.9832701 7.6062993 2.0167301 0 P 0
L 7.6062993 2.0832701 7.6062993 2.1167301 0 P 0
L 7.6062993 2.1832701 7.6062993 2.2167301 0 P 0
L 7.6062993 2.2832701 7.6062993 2.3167301 0 P 0
L 7.6062993 2.4432701 7.6062993 2.4767301 0 P 0
L 7.6062993 2.5432701 7.6062993 2.5767301 0 P 0
L 7.6062993 2.6432701 7.6062993 2.6767301 0 P 0
L 7.6062993 2.7432701 7.6062993 2.7767301 0 P 0
L 7.6062993 2.8432701 7.6062993 2.8767301 0 P 0
L 7.6062993 2.9432701 7.6062993 2.9767301 0 P 0
L 7.6062993 3.0432701 7.6062993 3.0767301 0 P 0
L 7.6062993 3.1432701 7.6062993 3.1767301 0 P 0
L 7.6062993 3.2432701 7.6062993 3.2767301 0 P 0
L 7.6062993 3.3432701 7.6062993 3.3767301 0 P 0
L 7.6062993 3.4370101 7.6062993 3.5629901 0 P 0
L 7.63 6.8 7.67 6.8 0 P 0
L 7.635 5 7.765 5 0 P 0
L 7.635 6.4 7.765 6.4 0 P 0
L 7.65 6.78 7.65 6.82 0 P 0
L 7.6875993 0.3000001 7.7249993 0.3000001 0 P 0
L 7.6875993 0.4000001 7.7249993 0.4000001 0 P 0
L 7.7 4.935 7.7 5.065 0 P 0
L 7.7 6.335 7.7 6.465 0 P 0
L 7.7062993 0.2813001 7.7062993 0.3187001 0 P 0
L 7.7062993 0.3813001 7.7062993 0.4187001 0 P 0
L 7.7175993 3.2800001 7.7549993 3.2800001 0 P 0
L 7.7175993 3.3800001 7.7549993 3.3800001 0 P 0
L 7.7175993 3.4800001 7.7549993 3.4800001 0 P 0
L 7.73 5.15 7.77 5.15 0 P 0
L 7.73 5.25 7.77 5.25 0 P 0
L 7.73 5.35 7.77 5.35 0 P 0
L 7.73 5.45 7.77 5.45 0 P 0
L 7.73 5.55 7.77 5.55 0 P 0
L 7.73 5.65 7.77 5.65 0 P 0
L 7.73 5.75 7.77 5.75 0 P 0
L 7.7362993 3.2613001 7.7362993 3.2987001 0 P 0
L 7.7362993 3.3613001 7.7362993 3.3987001 0 P 0
L 7.7362993 3.4613001 7.7362993 3.4987001 0 P 0
L 7.75 5.13 7.75 5.17 0 P 0
L 7.75 5.23 7.75 5.27 0 P 0
L 7.75 5.33 7.75 5.37 0 P 0
L 7.75 5.43 7.75 5.47 0 P 0
L 7.75 5.53 7.75 5.57 0 P 0
L 7.75 5.63 7.75 5.67 0 P 0
L 7.75 5.73 7.75 5.77 0 P 0
L 7.755 0.51 7.765 0.51 0 P 0
L 7.755 1.05 7.765 1.05 0 P 0
L 7.76 0.505 7.76 0.515 0 P 0
L 7.76 1.045 7.76 1.055 0 P 0
L 7.7875993 0.3000001 7.8249993 0.3000001 0 P 0
L 7.7875993 0.4000001 7.8249993 0.4000001 0 P 0
L 7.8062993 0.2813001 7.8062993 0.3187001 0 P 0
L 7.8062993 0.3813001 7.8062993 0.4187001 0 P 0
L 7.8175993 3.2800001 7.8549993 3.2800001 0 P 0
L 7.8175993 3.3800001 7.8549993 3.3800001 0 P 0
L 7.8175993 3.4800001 7.8549993 3.4800001 0 P 0
L 7.8362993 3.2613001 7.8362993 3.2987001 0 P 0
L 7.8362993 3.3613001 7.8362993 3.3987001 0 P 0
L 7.8362993 3.4613001 7.8362993 3.4987001 0 P 0
L 7.8875993 0.3000001 7.9249993 0.3000001 0 P 0
L 7.8875993 0.4000001 7.9249993 0.4000001 0 P 0
L 7.905 3.94 7.915 3.94 0 P 0
L 7.9062993 0.2813001 7.9062993 0.3187001 0 P 0
L 7.9062993 0.3813001 7.9062993 0.4187001 0 P 0
L 7.91 3.935 7.91 3.945 0 P 0
L 7.955 4.02 7.965 4.02 0 P 0
L 7.96 4.015 7.96 4.025 0 P 0
L 7.9875993 0.3000001 8.0249993 0.3000001 0 P 0
L 7.9875993 0.4000001 8.0249993 0.4000001 0 P 0
L 8.0062993 0.2813001 8.0062993 0.3187001 0 P 0
L 8.0062993 0.3813001 8.0062993 0.4187001 0 P 0
L 8.015 4.1 8.025 4.1 0 P 0
L 8.02 4.095 8.02 4.105 0 P 0
L 8.065 4.17 8.075 4.17 0 P 0
L 8.07 4.165 8.07 4.175 0 P 0
L 8.0875993 0.3000001 8.1249993 0.3000001 0 P 0
L 8.0875993 0.4000001 8.1249993 0.4000001 0 P 0
L 8.1062993 0.2813001 8.1062993 0.3187001 0 P 0
L 8.1062993 0.3813001 8.1062993 0.4187001 0 P 0
L 8.135 1.9 8.145 1.9 0 P 0
L 8.135 7.35 8.145 7.35 0 P 0
L 8.14 1.895 8.14 1.905 0 P 0
L 8.14 7.345 8.14 7.355 0 P 0
L 8.1433093 1.5000001 8.2692893 1.5000001 0 P 0
L 8.1875993 0.3000001 8.2249993 0.3000001 0 P 0
L 8.1875993 0.4000001 8.2249993 0.4000001 0 P 0
L 8.2062993 0.2813001 8.2062993 0.3187001 0 P 0
L 8.2062993 0.3813001 8.2062993 0.4187001 0 P 0
L 8.2062993 1.4370101 8.2062993 1.5629901 0 P 0
L 8.235 1.8 8.245 1.8 0 P 0
L 8.235 7.28 8.245 7.28 0 P 0
L 8.24 1.795 8.24 1.805 0 P 0
L 8.24 7.275 8.24 7.285 0 P 0
L 8.2875993 0.3000001 8.3249993 0.3000001 0 P 0
L 8.2875993 0.4000001 8.3249993 0.4000001 0 P 0
L 8.3062993 0.2813001 8.3062993 0.3187001 0 P 0
L 8.3062993 0.3813001 8.3062993 0.4187001 0 P 0
L 8.375 4.69 8.385 4.69 0 P 0
L 8.38 4.685 8.38 4.695 0 P 0
L 8.3875993 0.3000001 8.4249993 0.3000001 0 P 0
L 8.3875993 0.4000001 8.4249993 0.4000001 0 P 0
L 8.3875993 1.4950001 8.4249993 1.4950001 0 P 0
L 8.3875993 1.5950001 8.4249993 1.5950001 0 P 0
L 8.395 4.075 8.405 4.075 0 P 0
L 8.4 4.07 8.4 4.08 0 P 0
L 8.4062993 0.2813001 8.4062993 0.3187001 0 P 0
L 8.4062993 0.3813001 8.4062993 0.4187001 0 P 0
L 8.4062993 1.4763001 8.4062993 1.5137001 0 P 0
L 8.4062993 1.5763001 8.4062993 1.6137001 0 P 0
L 8.47 3.95 8.48 3.95 0 P 0
L 8.475 3.945 8.475 3.955 0 P 0
L 8.4875993 0.3000001 8.5249993 0.3000001 0 P 0
L 8.4875993 0.4000001 8.5249993 0.4000001 0 P 0
L 8.4875993 1.4950001 8.5249993 1.4950001 0 P 0
L 8.4875993 1.5950001 8.5249993 1.5950001 0 P 0
L 8.5062993 0.2813001 8.5062993 0.3187001 0 P 0
L 8.5062993 0.3813001 8.5062993 0.4187001 0 P 0
L 8.5062993 1.4763001 8.5062993 1.5137001 0 P 0
L 8.5062993 1.5763001 8.5062993 1.6137001 0 P 0
L 8.526 6.39 8.554 6.39 0 P 0
L 8.54 6.376 8.54 6.404 0 P 0
L 8.545 4.69 8.555 4.69 0 P 0
L 8.55 4.685 8.55 4.695 0 P 0
L 8.56 5.565 8.57 5.565 0 P 0
L 8.565 5.56 8.565 5.57 0 P 0
L 8.5875993 0.3000001 8.6249993 0.3000001 0 P 0
L 8.5875993 0.4000001 8.6249993 0.4000001 0 P 0
L 8.5875993 1.4950001 8.6249993 1.4950001 0 P 0
L 8.5875993 1.5950001 8.6249993 1.5950001 0 P 0
L 8.6062993 0.2813001 8.6062993 0.3187001 0 P 0
L 8.6062993 0.3813001 8.6062993 0.4187001 0 P 0
L 8.6062993 1.4763001 8.6062993 1.5137001 0 P 0
L 8.6062993 1.5763001 8.6062993 1.6137001 0 P 0
L 8.615 5.74 8.665 5.74 0 P 0
L 8.64 5.715 8.64 5.765 0 P 0
L 8.66 5.165 8.67 5.165 0 P 0
L 8.665 5.16 8.665 5.17 0 P 0
L 8.665 5.94 8.715 5.94 0 P 0
L 8.6875993 0.3000001 8.7249993 0.3000001 0 P 0
L 8.6875993 0.4000001 8.7249993 0.4000001 0 P 0
L 8.69 5.915 8.69 5.965 0 P 0
L 8.7062993 0.2813001 8.7062993 0.3187001 0 P 0
L 8.7062993 0.3813001 8.7062993 0.4187001 0 P 0
L 8.715 4.69 8.725 4.69 0 P 0
L 8.715 5.74 8.765 5.74 0 P 0
L 8.72 4.685 8.72 4.695 0 P 0
L 8.735 5.49 8.745 5.49 0 P 0
L 8.74 5.485 8.74 5.495 0 P 0
L 8.74 5.715 8.74 5.765 0 P 0
L 8.765 5.94 8.815 5.94 0 P 0
L 8.77 7.19 8.81 7.19 0 P 0
L 8.7875993 0.3000001 8.8249993 0.3000001 0 P 0
L 8.7875993 0.4000001 8.8249993 0.4000001 0 P 0
L 8.79 5.915 8.79 5.965 0 P 0
L 8.79 7.17 8.79 7.21 0 P 0
L 8.8062993 0.2813001 8.8062993 0.3187001 0 P 0
L 8.8062993 0.3813001 8.8062993 0.4187001 0 P 0
L 8.815 5.74 8.865 5.74 0 P 0
L 8.835 5.49 8.845 5.49 0 P 0
L 8.84 5.485 8.84 5.495 0 P 0
L 8.84 5.715 8.84 5.765 0 P 0
L 8.865 4.69 8.875 4.69 0 P 0
L 8.865 5.94 8.915 5.94 0 P 0
L 8.87 4.685 8.87 4.695 0 P 0
L 8.87 7.19 8.91 7.19 0 P 0
L 8.8762205 6.24 8.9037795 6.24 0 P 0
L 8.8762205 6.54 8.9037795 6.54 0 P 0
L 8.8875993 0.3000001 8.9249993 0.3000001 0 P 0
L 8.8875993 0.4000001 8.9249993 0.4000001 0 P 0
L 8.89 5.915 8.89 5.965 0 P 0
L 8.89 6.2262205 8.89 6.2537795 0 P 0
L 8.89 6.5262205 8.89 6.5537795 0 P 0
L 8.89 7.17 8.89 7.21 0 P 0
L 8.9062993 0.2813001 8.9062993 0.3187001 0 P 0
L 8.9062993 0.3813001 8.9062993 0.4187001 0 P 0
L 8.915 5.74 8.965 5.74 0 P 0
L 8.926 5.165 8.954 5.165 0 P 0
L 8.935 5.49 8.945 5.49 0 P 0
L 8.94 5.151 8.94 5.179 0 P 0
L 8.94 5.485 8.94 5.495 0 P 0
L 8.94 5.715 8.94 5.765 0 P 0
L 8.965 5.94 9.015 5.94 0 P 0
L 8.97 7.19 9.01 7.19 0 P 0
L 8.985 1.65 8.995 1.65 0 P 0
L 8.9875993 0.3000001 9.0249993 0.3000001 0 P 0
L 8.9875993 0.4000001 9.0249993 0.4000001 0 P 0
L 8.99 1.645 8.99 1.655 0 P 0
L 8.99 5.915 8.99 5.965 0 P 0
L 8.99 7.17 8.99 7.21 0 P 0
L 9.0062993 0.2813001 9.0062993 0.3187001 0 P 0
L 9.0062993 0.3813001 9.0062993 0.4187001 0 P 0
L 9.015 5.74 9.065 5.74 0 P 0
L 9.0262205 6.24 9.0537795 6.24 0 P 0
L 9.0262205 6.54 9.0537795 6.54 0 P 0
L 9.04 5.715 9.04 5.765 0 P 0
L 9.04 6.2262205 9.04 6.2537795 0 P 0
L 9.04 6.5262205 9.04 6.5537795 0 P 0
L 9.065 5.94 9.115 5.94 0 P 0
L 9.075 1.75 9.085 1.75 0 P 0
L 9.08 1.745 9.08 1.755 0 P 0
L 9.0875993 0.3000001 9.1249993 0.3000001 0 P 0
L 9.0875993 0.4000001 9.1249993 0.4000001 0 P 0
L 9.09 5.915 9.09 5.965 0 P 0
L 9.1062993 0.2813001 9.1062993 0.3187001 0 P 0
L 9.1062993 0.3813001 9.1062993 0.4187001 0 P 0
L 9.115 5.74 9.165 5.74 0 P 0
L 9.14 5.715 9.14 5.765 0 P 0
L 9.155 0.65 9.165 0.65 0 P 0
L 9.16 0.645 9.16 0.655 0 P 0
L 9.165 5.94 9.215 5.94 0 P 0
L 9.176 6.339 9.204 6.339 0 P 0
L 9.1875993 0.3000001 9.2249993 0.3000001 0 P 0
L 9.1875993 0.4000001 9.2249993 0.4000001 0 P 0
L 9.19 5.915 9.19 5.965 0 P 0
L 9.19 6.325 9.19 6.353 0 P 0
L 9.205 3.69 9.215 3.69 0 P 0
L 9.2062993 0.2813001 9.2062993 0.3187001 0 P 0
L 9.2062993 0.3813001 9.2062993 0.4187001 0 P 0
L 9.21 3.685 9.21 3.695 0 P 0
L 9.215 5.74 9.265 5.74 0 P 0
L 9.24 5.715 9.24 5.765 0 P 0
L 9.2433093 1.5000001 9.3692893 1.5000001 0 P 0
L 9.255 0.75 9.265 0.75 0 P 0
L 9.255 3.75 9.265 3.75 0 P 0
L 9.26 0.745 9.26 0.755 0 P 0
L 9.26 3.745 9.26 3.755 0 P 0
L 9.265 5.94 9.315 5.94 0 P 0
L 9.2875993 0.3000001 9.3249993 0.3000001 0 P 0
L 9.2875993 0.4000001 9.3249993 0.4000001 0 P 0
L 9.29 5.915 9.29 5.965 0 P 0
L 9.305 3.81 9.315 3.81 0 P 0
L 9.3062993 0.2813001 9.3062993 0.3187001 0 P 0
L 9.3062993 0.3813001 9.3062993 0.4187001 0 P 0
L 9.3062993 1.4370101 9.3062993 1.5629901 0 P 0
L 9.31 3.805 9.31 3.815 0 P 0
L 9.315 5.74 9.365 5.74 0 P 0
L 9.326 5.165 9.354 5.165 0 P 0
L 9.34 5.151 9.34 5.179 0 P 0
L 9.34 5.715 9.34 5.765 0 P 0
L 9.355 3.87 9.365 3.87 0 P 0
L 9.36 3.865 9.36 3.875 0 P 0
L 9.4433093 0.3000001 9.5692893 0.3000001 0 P 0
L 9.4433093 3.5500001 9.5692893 3.5500001 0 P 0
L 9.4895693 0.5000001 9.5230293 0.5000001 0 P 0
L 9.4895693 0.6000001 9.5230293 0.6000001 0 P 0
L 9.4895693 0.7000001 9.5230293 0.7000001 0 P 0
L 9.4895693 0.8000001 9.5230293 0.8000001 0 P 0
L 9.4895693 0.9000001 9.5230293 0.9000001 0 P 0
L 9.4895693 1.0000001 9.5230293 1.0000001 0 P 0
L 9.4895693 1.1000001 9.5230293 1.1000001 0 P 0
L 9.4895693 1.2000001 9.5230293 1.2000001 0 P 0
L 9.4895693 1.4000001 9.5230293 1.4000001 0 P 0
L 9.4895693 1.5000001 9.5230293 1.5000001 0 P 0
L 9.4895693 1.6000001 9.5230293 1.6000001 0 P 0
L 9.4895693 1.7000001 9.5230293 1.7000001 0 P 0
L 9.4895693 1.8000001 9.5230293 1.8000001 0 P 0
L 9.4895693 1.9000001 9.5230293 1.9000001 0 P 0
L 9.4895693 2.0000001 9.5230293 2.0000001 0 P 0
L 9.4895693 2.1000001 9.5230293 2.1000001 0 P 0
L 9.4895693 2.3000001 9.5230293 2.3000001 0 P 0
L 9.4895693 2.4000001 9.5230293 2.4000001 0 P 0
L 9.4895693 2.5000001 9.5230293 2.5000001 0 P 0
L 9.4895693 2.6000001 9.5230293 2.6000001 0 P 0
L 9.4895693 2.7000001 9.5230293 2.7000001 0 P 0
L 9.4895693 2.8000001 9.5230293 2.8000001 0 P 0
L 9.4895693 2.9000001 9.5230293 2.9000001 0 P 0
L 9.4895693 3.0000001 9.5230293 3.0000001 0 P 0
L 9.5062993 0.2370101 9.5062993 0.3629901 0 P 0
L 9.5062993 0.4832701 9.5062993 0.5167301 0 P 0
L 9.5062993 0.5832701 9.5062993 0.6167301 0 P 0
L 9.5062993 0.6832701 9.5062993 0.7167301 0 P 0
L 9.5062993 0.7832701 9.5062993 0.8167301 0 P 0
L 9.5062993 0.8832701 9.5062993 0.9167301 0 P 0
L 9.5062993 0.9832701 9.5062993 1.0167301 0 P 0
L 9.5062993 1.0832701 9.5062993 1.1167301 0 P 0
L 9.5062993 1.1832701 9.5062993 1.2167301 0 P 0
L 9.5062993 1.3832701 9.5062993 1.4167301 0 P 0
L 9.5062993 1.4832701 9.5062993 1.5167301 0 P 0
L 9.5062993 1.5832701 9.5062993 1.6167301 0 P 0
L 9.5062993 1.6832701 9.5062993 1.7167301 0 P 0
L 9.5062993 1.7832701 9.5062993 1.8167301 0 P 0
L 9.5062993 1.8832701 9.5062993 1.9167301 0 P 0
L 9.5062993 1.9832701 9.5062993 2.0167301 0 P 0
L 9.5062993 2.0832701 9.5062993 2.1167301 0 P 0
L 9.5062993 2.2832701 9.5062993 2.3167301 0 P 0
L 9.5062993 2.3832701 9.5062993 2.4167301 0 P 0
L 9.5062993 2.4832701 9.5062993 2.5167301 0 P 0
L 9.5062993 2.5832701 9.5062993 2.6167301 0 P 0
L 9.5062993 2.6832701 9.5062993 2.7167301 0 P 0
L 9.5062993 2.7832701 9.5062993 2.8167301 0 P 0
L 9.5062993 2.8832701 9.5062993 2.9167301 0 P 0
L 9.5062993 2.9832701 9.5062993 3.0167301 0 P 0
L 9.5062993 3.4870101 9.5062993 3.6129901 0 P 0
L 9.665 1.25 9.675 1.25 0 P 0
L 9.67 1.245 9.67 1.255 0 P 0
L 9.765 1.15 9.775 1.15 0 P 0
L 9.77 1.145 9.77 1.155 0 P 0
L 9.776 6.39 9.804 6.39 0 P 0
L 9.79 6.376 9.79 6.404 0 P 0
L 9.81 5.565 9.82 5.565 0 P 0
L 9.815 5.56 9.815 5.57 0 P 0
L 9.865 1.04 9.875 1.04 0 P 0
L 9.865 5.74 9.915 5.74 0 P 0
L 9.87 1.035 9.87 1.045 0 P 0
L 9.89 5.715 9.89 5.765 0 P 0
L 9.91 5.165 9.92 5.165 0 P 0
L 9.915 5.16 9.915 5.17 0 P 0
L 9.915 5.94 9.965 5.94 0 P 0
L 9.94 5.915 9.94 5.965 0 P 0
L 9.965 5.74 10.015 5.74 0 P 0
L 9.985 5.49 9.995 5.49 0 P 0
L 9.99 5.485 9.99 5.495 0 P 0
L 9.99 5.715 9.99 5.765 0 P 0
