#Layer_Color=32768
#
#Feature symbol names
#
$0 r5
$1 r1.9685
$2 r3.937
$3 r6

#
#Feature attribute names
#

#
#Layer features
#
A 0.4338583 0.3 0.4338583 0.3 0.3 0.3 0 P 0 N
A 0.4338583 7.2 0.4338583 7.2 0.3 7.2 0 P 0 N
A 17.0838583 0.3 17.0838583 0.3 16.95 0.3 0 P 0 N
A 17.0838583 7.22 17.0838583 7.22 16.95 7.22 0 P 0 N
L 0.28 0.3 0.32 0.3 0 P 0
L 0.28 7.2 0.32 7.2 0 P 0
L 0.3 0.28 0.3 0.32 0 P 0
L 0.3 7.18 0.3 7.22 0 P 0
L 0.3891732 4.5980315 0.3891732 5.1019685 1 P 0
L 0.3891732 4.5980315 0.7218504 4.5980315 1 P 0
L 0.3891732 5.1019685 0.7218504 5.1019685 1 P 0
L 0.3891732 6.0480315 0.3891732 6.5519685 1 P 0
L 0.3891732 6.0480315 0.7218504 6.0480315 1 P 0
L 0.3891732 6.5519685 0.7218504 6.5519685 1 P 0
L 0.6480315 0.2031496 0.6480315 0.5358268 1 P 0
L 0.6480315 0.2031496 1.1519685 0.2031496 1 P 0
L 0.6480315 0.5358268 1.1519685 0.5358268 1 P 0
L 0.6480315 0.7031496 0.6480315 1.0358268 1 P 0
L 0.6480315 0.7031496 1.1519685 0.7031496 1 P 0
L 0.6480315 1.0358268 1.1519685 1.0358268 1 P 0
L 0.6480315 1.2031496 0.6480315 1.5358268 1 P 0
L 0.6480315 1.2031496 1.1519685 1.2031496 1 P 0
L 0.6480315 1.5358268 1.1519685 1.5358268 1 P 0
L 0.6480315 1.7031496 0.6480315 2.0358268 1 P 0
L 0.6480315 1.7031496 1.1519685 1.7031496 1 P 0
L 0.6480315 2.0358268 1.1519685 2.0358268 1 P 0
L 0.6480315 2.3531496 0.6480315 2.6858268 1 P 0
L 0.6480315 2.3531496 1.3519685 2.3531496 1 P 0
L 0.6480315 2.6858268 1.3519685 2.6858268 1 P 0
L 0.6480315 2.9031496 0.6480315 3.2358268 1 P 0
L 0.6480315 2.9031496 1.3519685 2.9031496 1 P 0
L 0.6480315 3.2358268 1.3519685 3.2358268 1 P 0
L 0.6480315 3.4531496 0.6480315 3.7858268 1 P 0
L 0.6480315 3.4531496 1.3519685 3.4531496 1 P 0
L 0.6480315 3.7858268 1.3519685 3.7858268 1 P 0
L 0.6824803 5.1708661 0.6824803 5.3755906 1 P 0
L 0.6824803 5.1708661 1.1175197 5.1708661 1 P 0
L 0.6824803 5.3755906 1.1175197 5.3755906 1 P 0
L 0.6824803 5.7208661 0.6824803 5.9255906 1 P 0
L 0.6824803 5.7208661 1.1175197 5.7208661 1 P 0
L 0.6824803 5.9255906 1.1175197 5.9255906 1 P 0
L 0.7218504 4.5980315 0.7218504 5.1019685 1 P 0
L 0.7218504 6.0480315 0.7218504 6.5519685 1 P 0
L 0.880315 5.3 0.919685 5.3 2 P 0
L 0.880315 5.85 0.919685 5.85 2 P 0
L 0.9 5.280315 0.9 5.319685 2 P 0
L 0.9 5.830315 0.9 5.869685 2 P 0
L 0.9742126 5.5311024 0.9742126 5.6688977 1 P 0
L 0.9742126 5.5311024 1.1257874 5.5311024 1 P 0
L 0.9742126 5.6688977 1.1257874 5.6688977 1 P 0
L 1.030315 5.6 1.069685 5.6 2 P 0
L 1.05 5.580315 1.05 5.6196851 2 P 0
L 1.1175197 5.1708661 1.1175197 5.3755906 1 P 0
L 1.1175197 5.7208661 1.1175197 5.9255906 1 P 0
L 1.1257874 5.5311024 1.1257874 5.6688977 1 P 0
L 1.1519685 0.2031496 1.1519685 0.5358268 1 P 0
L 1.1519685 0.7031496 1.1519685 1.0358268 1 P 0
L 1.1519685 1.2031496 1.1519685 1.5358268 1 P 0
L 1.1519685 1.7031496 1.1519685 2.0358268 1 P 0
L 1.1543307 5.3669291 1.1543307 5.7330709 1 P 0
L 1.1543307 5.3669291 1.4456693 5.3669291 1 P 0
L 1.1543307 5.7330709 1.4456693 5.7330709 1 P 0
L 1.2480315 0.2031496 1.2480315 0.5358268 1 P 0
L 1.2480315 0.2031496 1.7519685 0.2031496 1 P 0
L 1.2480315 0.5358268 1.7519685 0.5358268 1 P 0
L 1.2480315 1.7031496 1.2480315 2.0358268 1 P 0
L 1.2480315 1.7031496 1.7519685 1.7031496 1 P 0
L 1.2480315 2.0358268 1.7519685 2.0358268 1 P 0
L 1.280315 5.55 1.3196851 5.55 2 P 0
L 1.3 5.530315 1.3 5.569685 2 P 0
L 1.3519685 2.3531496 1.3519685 2.6858268 1 P 0
L 1.3519685 2.9031496 1.3519685 3.2358268 1 P 0
L 1.3519685 3.4531496 1.3519685 3.7858268 1 P 0
L 1.4456693 5.3669291 1.4456693 5.7330709 1 P 0
L 1.5480315 2.3531496 1.5480315 2.6858268 1 P 0
L 1.5480315 2.3531496 2.2519685 2.3531496 1 P 0
L 1.5480315 2.6858268 2.2519685 2.6858268 1 P 0
L 1.5480315 2.9031496 1.5480315 3.2358268 1 P 0
L 1.5480315 2.9031496 2.2519685 2.9031496 1 P 0
L 1.5480315 3.2358268 2.2519685 3.2358268 1 P 0
L 1.5480315 3.4531496 1.5480315 3.7858268 1 P 0
L 1.5480315 3.4531496 2.2519685 3.4531496 1 P 0
L 1.5480315 3.7858268 2.2519685 3.7858268 1 P 0
L 1.5811023 5.3742126 1.5811023 5.5257874 1 P 0
L 1.5811023 5.3742126 1.7188976 5.3742126 1 P 0
L 1.5811023 5.5257874 1.7188976 5.5257874 1 P 0
L 1.6242126 4.8311023 1.6242126 4.9688976 1 P 0
L 1.6242126 4.8311023 1.7757874 4.8311023 1 P 0
L 1.6242126 4.9688976 1.7757874 4.9688976 1 P 0
L 1.6242126 6.3311023 1.6242126 6.4688976 1 P 0
L 1.6242126 6.3311023 1.7757874 6.3311023 1 P 0
L 1.6242126 6.4688976 1.7757874 6.4688976 1 P 0
L 1.6303149 5.45 1.669685 5.45 2 P 0
L 1.65 5.430315 1.65 5.469685 2 P 0
L 1.680315 4.9 1.719685 4.9 2 P 0
L 1.680315 6.4 1.719685 6.4 2 P 0
L 1.7 4.8803149 1.7 4.919685 2 P 0
L 1.7 6.3803149 1.7 6.419685 2 P 0
L 1.7188976 5.3742126 1.7188976 5.5257874 1 P 0
L 1.7519685 0.2031496 1.7519685 0.5358268 1 P 0
L 1.7519685 1.7031496 1.7519685 2.0358268 1 P 0
L 1.7757874 4.8311023 1.7757874 4.9688976 1 P 0
L 1.7757874 6.3311023 1.7757874 6.4688976 1 P 0
L 1.8480315 0.2031496 1.8480315 0.5358268 1 P 0
L 1.8480315 0.2031496 2.3519685 0.2031496 1 P 0
L 1.8480315 0.5358268 2.3519685 0.5358268 1 P 0
L 1.8480315 1.7031496 1.8480315 2.0358268 1 P 0
L 1.8480315 1.7031496 2.3519685 1.7031496 1 P 0
L 1.8480315 2.0358268 2.3519685 2.0358268 1 P 0
L 1.8819449 5.8435039 1.8819449 5.9812992 1 P 0
L 1.8819449 5.8435039 2.0335197 5.8435039 1 P 0
L 1.8819449 5.9812992 2.0335197 5.9812992 1 P 0
L 1.9242126 5.3311023 1.9242126 5.4688976 1 P 0
L 1.9242126 5.3311023 2.0757874 5.3311023 1 P 0
L 1.9242126 5.4688976 2.0757874 5.4688976 1 P 0
L 1.9380473 5.9124016 1.9774173 5.9124016 2 P 0
L 1.9577323 5.8927165 1.9577323 5.9320866 2 P 0
L 1.980315 5.4 2.019685 5.4 2 P 0
L 10.41 7.065 10.41 7.315 3 P 0
L 10.6475 5.695 10.6475 6.13071 3 P 0
L 11.4724803 6.5144094 11.4724803 6.7191339 1 P 0
L 11.4724803 6.5144094 11.9075197 6.5144094 1 P 0
L 11.4724803 6.7191339 11.9075197 6.7191339 1 P 0
L 11.670315 6.59 11.709685 6.59 2 P 0
L 11.69 6.570315 11.69 6.609685 2 P 0
L 11.9075197 6.5144094 11.9075197 6.7191339 1 P 0
L 12.2708661 5.6824803 12.2708661 6.1175197 1 P 0
L 12.2708661 5.6824803 12.4755906 5.6824803 1 P 0
L 12.2708661 6.1175197 12.4755906 6.1175197 1 P 0
L 12.2708661 6.2324803 12.2708661 6.6675197 1 P 0
L 12.2708661 6.2324803 12.4755906 6.2324803 1 P 0
L 12.2708661 6.6675197 12.4755906 6.6675197 1 P 0
L 12.380315 5.9 12.419685 5.9 2 P 0
L 12.380315 6.45 12.419685 6.45 2 P 0
L 12.4 5.880315 12.4 5.919685 2 P 0
L 12.4 6.430315 12.4 6.469685 2 P 0
L 12.4755906 5.6824803 12.4755906 6.1175197 1 P 0
L 12.4755906 6.2324803 12.4755906 6.6675197 1 P 0
L 12.4880315 6.8931496 12.4880315 7.2258268 1 P 0
L 12.4880315 6.8931496 13.1919685 6.8931496 1 P 0
L 12.4880315 7.2258268 13.1919685 7.2258268 1 P 0
L 12.5708661 5.6824803 12.5708661 6.1175197 1 P 0
L 12.5708661 5.6824803 12.7755906 5.6824803 1 P 0
L 12.5708661 6.1175197 12.7755906 6.1175197 1 P 0
L 12.5708661 6.2324803 12.5708661 6.6675197 1 P 0
L 12.5708661 6.2324803 12.7755906 6.2324803 1 P 0
L 12.5708661 6.6675197 12.7755906 6.6675197 1 P 0
L 12.680315 5.9 12.719685 5.9 2 P 0
L 12.680315 6.45 12.719685 6.45 2 P 0
L 12.7 5.880315 12.7 5.919685 2 P 0
L 12.7 6.430315 12.7 6.469685 2 P 0
L 12.7755906 5.6824803 12.7755906 6.1175197 1 P 0
L 12.7755906 6.2324803 12.7755906 6.6675197 1 P 0
L 12.8708661 5.6824803 12.8708661 6.1175197 1 P 0
L 12.8708661 5.6824803 13.0755906 5.6824803 1 P 0
L 12.8708661 6.1175197 13.0755906 6.1175197 1 P 0
L 12.8708661 6.2324803 12.8708661 6.6675197 1 P 0
L 12.8708661 6.2324803 13.0755906 6.2324803 1 P 0
L 12.8708661 6.6675197 13.0755906 6.6675197 1 P 0
L 12.980315 5.9 13.019685 5.9 2 P 0
L 12.980315 6.45 13.019685 6.45 2 P 0
L 13 5.880315 13 5.919685 2 P 0
L 13 6.430315 13 6.469685 2 P 0
L 13.0755906 5.6824803 13.0755906 6.1175197 1 P 0
L 13.0755906 6.2324803 13.0755906 6.6675197 1 P 0
L 13.1708661 5.6824803 13.1708661 6.1175197 1 P 0
L 13.1708661 5.6824803 13.3755906 5.6824803 1 P 0
L 13.1708661 6.1175197 13.3755906 6.1175197 1 P 0
L 13.1708661 6.2324803 13.1708661 6.6675197 1 P 0
L 13.1708661 6.2324803 13.3755906 6.2324803 1 P 0
L 13.1708661 6.6675197 13.3755906 6.6675197 1 P 0
L 13.1919685 6.8931496 13.1919685 7.2258268 1 P 0
L 13.280315 5.9 13.319685 5.9 2 P 0
L 13.280315 6.45 13.319685 6.45 2 P 0
L 13.3 5.880315 13.3 5.919685 2 P 0
L 13.3 6.430315 13.3 6.469685 2 P 0
L 13.3755906 5.6824803 13.3755906 6.1175197 1 P 0
L 13.3755906 6.2324803 13.3755906 6.6675197 1 P 0
L 13.5208661 5.6824803 13.5208661 6.1175197 1 P 0
L 13.5208661 5.6824803 13.7255906 5.6824803 1 P 0
L 13.5208661 6.1175197 13.7255906 6.1175197 1 P 0
L 13.5208661 6.3324803 13.5208661 6.7675197 1 P 0
L 13.5208661 6.3324803 13.7255906 6.3324803 1 P 0
L 13.5208661 6.7675197 13.7255906 6.7675197 1 P 0
L 13.63 6.925 13.63 7.175 3 P 0
L 13.63 6.925 14.07 6.925 3 P 0
L 13.63 7.175 14.07 7.175 3 P 0
L 13.630315 5.9 13.669685 5.9 2 P 0
L 13.630315 6.55 13.669685 6.55 2 P 0
L 13.65 5.880315 13.65 5.919685 2 P 0
L 13.65 6.530315 13.65 6.569685 2 P 0
L 13.7255906 5.6824803 13.7255906 6.1175197 1 P 0
L 13.7255906 6.3324803 13.7255906 6.7675197 1 P 0
L 13.9208661 5.6824803 13.9208661 6.1175197 1 P 0
L 13.9208661 5.6824803 14.1255906 5.6824803 1 P 0
L 13.9208661 6.1175197 14.1255906 6.1175197 1 P 0
L 13.9208661 6.3324803 13.9208661 6.7675197 1 P 0
L 13.9208661 6.3324803 14.1255906 6.3324803 1 P 0
L 13.9208661 6.7675197 14.1255906 6.7675197 1 P 0
L 14.030315 5.9 14.069685 5.9 2 P 0
L 14.030315 6.55 14.069685 6.55 2 P 0
L 14.05 5.880315 14.05 5.919685 2 P 0
L 14.05 6.530315 14.05 6.569685 2 P 0
L 14.07 6.925 14.07 7.175 3 P 0
L 14.1255906 5.6824803 14.1255906 6.1175197 1 P 0
L 14.1255906 6.3324803 14.1255906 6.7675197 1 P 0
L 14.851575 0.262992 14.851575 0.637008 0 P 0
L 14.851575 0.262992 15.048425 0.262992 0 P 0
L 14.851575 0.637008 15.048425 0.637008 0 P 0
L 14.953937 2.4917323 14.953937 2.7082677 1 P 0
L 14.953937 2.4917323 15.246063 2.4917323 1 P 0
L 14.953937 2.7082677 15.246063 2.7082677 1 P 0
L 15.025 3.53 15.025 3.97 3 P 0
L 15.025 3.53 15.275 3.53 3 P 0
L 15.025 3.97 15.275 3.97 3 P 0
L 15.025 4.18 15.025 4.62 3 P 0
L 15.025 4.18 15.275 4.18 3 P 0
L 15.025 4.62 15.275 4.62 3 P 0
L 15.048425 0.262992 15.048425 0.637008 0 P 0
L 15.151575 0.2629984 15.151575 0.6370144 0 P 0
L 15.151575 0.2629984 15.348425 0.2629984 0 P 0
L 15.151575 0.6370144 15.348425 0.6370144 0 P 0
L 15.246063 2.4917323 15.246063 2.7082677 1 P 0
L 15.275 3.53 15.275 3.97 3 P 0
L 15.275 4.18 15.275 4.62 3 P 0
L 15.3347244 6.4144094 15.3347244 6.9655906 1 P 0
L 15.3347244 6.4144094 15.9252756 6.4144094 1 P 0
L 15.3347244 6.9655906 15.9252756 6.9655906 1 P 0
L 15.348425 0.2629984 15.348425 0.6370144 0 P 0
L 15.4141732 2.3480315 15.4141732 2.8519685 1 P 0
L 15.4141732 2.3480315 15.7468504 2.3480315 1 P 0
L 15.4141732 2.8519685 15.7468504 2.8519685 1 P 0
L 15.451575 0.262992 15.451575 0.637008 0 P 0
L 15.451575 0.262992 15.648425 0.262992 0 P 0
L 15.451575 0.637008 15.648425 0.637008 0 P 0
L 15.475 3.53 15.475 3.97 3 P 0
L 15.475 3.53 15.725 3.53 3 P 0
L 15.475 3.97 15.725 3.97 3 P 0
L 15.475 4.18 15.475 4.62 3 P 0
L 15.475 4.18 15.725 4.18 3 P 0
L 15.475 4.62 15.725 4.62 3 P 0
L 15.648425 0.262992 15.648425 0.637008 0 P 0
L 15.725 3.53 15.725 3.97 3 P 0
L 15.725 4.18 15.725 4.62 3 P 0
L 15.7468504 2.3480315 15.7468504 2.8519685 1 P 0
L 15.751575 0.262992 15.751575 0.637008 0 P 0
L 15.751575 0.262992 15.948425 0.262992 0 P 0
L 15.751575 0.637008 15.948425 0.637008 0 P 0
L 15.7542126 5.8211024 15.7542126 5.9588977 1 P 0
L 15.7542126 5.8211024 15.9057874 5.8211024 1 P 0
L 15.7542126 5.9588977 15.9057874 5.9588977 1 P 0
L 15.8042126 5.0211024 15.8042126 5.1588977 1 P 0
L 15.8042126 5.0211024 15.9557874 5.0211024 1 P 0
L 15.8042126 5.1588977 15.9557874 5.1588977 1 P 0
L 15.810315 5.89 15.849685 5.89 2 P 0
L 15.8111023 5.3642126 15.8111023 5.5157874 1 P 0
L 15.8111023 5.3642126 15.9488976 5.3642126 1 P 0
L 15.8111023 5.5157874 15.9488976 5.5157874 1 P 0
L 15.83 5.870315 15.83 5.9096851 2 P 0
L 15.8603149 5.44 15.899685 5.44 2 P 0
L 15.860315 5.09 15.899685 5.09 2 P 0
L 15.88 5.070315 15.88 5.1096851 2 P 0
L 15.88 5.420315 15.88 5.459685 2 P 0
L 15.9057874 5.8211024 15.9057874 5.9588977 1 P 0
L 15.9252756 6.4144094 15.9252756 6.9655906 1 P 0
L 15.948425 0.262992 15.948425 0.637008 0 P 0
L 15.9488976 5.3642126 15.9488976 5.5157874 1 P 0
L 15.9557874 5.0211024 15.9557874 5.1588977 1 P 0
L 16.051575 0.2629952 16.051575 0.6370112 0 P 0
L 16.051575 0.2629952 16.248425 0.2629952 0 P 0
L 16.051575 0.6370112 16.248425 0.6370112 0 P 0
L 16.248425 0.2629952 16.248425 0.6370112 0 P 0
L 16.351575 0.262992 16.351575 0.637008 0 P 0
L 16.351575 0.262992 16.548425 0.262992 0 P 0
L 16.351575 0.637008 16.548425 0.637008 0 P 0
L 16.4784252 5.1944606 16.4784252 5.5645394 1 P 0
L 16.4784252 5.1944606 16.7815748 5.1944606 1 P 0
L 16.4784252 5.5645394 16.7815748 5.5645394 1 P 0
L 16.548425 0.262992 16.548425 0.637008 0 P 0
L 16.610315 5.3795 16.6496851 5.3795 2 P 0
L 16.63 5.359815 16.63 5.399185 2 P 0
L 16.6909449 1.7322835 16.6909449 2.2677165 1 P 0
L 16.6909449 1.7322835 16.7992126 1.7322835 1 P 0
L 16.6909449 2.2677165 16.7992126 2.2677165 1 P 0
L 16.7531496 2.4980315 16.7531496 3.2019685 1 P 0
L 16.7531496 2.4980315 17.0858268 2.4980315 1 P 0
L 16.7531496 3.2019685 17.0858268 3.2019685 1 P 0
L 16.7531496 3.4480315 16.7531496 4.1519685 1 P 0
L 16.7531496 3.4480315 17.0858268 3.4480315 1 P 0
L 16.7531496 4.1519685 17.0858268 4.1519685 1 P 0
L 16.7815748 5.1944606 16.7815748 5.5645394 1 P 0
L 16.7992126 1.6929134 16.7992126 1.7322835 1 P 0
L 16.7992126 1.6929134 16.8996063 1.6929134 1 P 0
L 16.7992126 2.2677165 16.7992126 2.3070866 1 P 0
L 16.7992126 2.3070866 16.8996063 2.3070866 1 P 0
L 16.8008661 6.1724803 16.8008661 6.6075197 1 P 0
L 16.8008661 6.1724803 17.0055906 6.1724803 1 P 0
L 16.8008661 6.6075197 17.0055906 6.6075197 1 P 0
L 16.8611023 5.8642126 16.8611023 6.0157874 1 P 0
L 16.8611023 5.8642126 16.9988976 5.8642126 1 P 0
L 16.8611023 6.0157874 16.9988976 6.0157874 1 P 0
L 16.8996063 1.6929134 16.8996063 1.7322835 1 P 0
L 16.8996063 1.7322835 17.265748 1.7322835 1 P 0
L 16.8996063 2.2677165 16.8996063 2.3070866 1 P 0
L 16.8996063 2.2677165 17.265748 2.2677165 1 P 0
L 16.9103149 5.94 16.949685 5.94 2 P 0
L 16.910315 6.39 16.949685 6.39 2 P 0
L 16.93 0.3 16.97 0.3 0 P 0
L 16.93 5.920315 16.93 5.959685 2 P 0
L 16.93 6.370315 16.93 6.409685 2 P 0
L 16.93 7.22 16.97 7.22 0 P 0
L 16.95 0.28 16.95 0.32 0 P 0
L 16.95 7.2 16.95 7.24 0 P 0
L 16.9988976 5.8642126 16.9988976 6.0157874 1 P 0
L 17.0055906 6.1724803 17.0055906 6.6075197 1 P 0
L 17.0282677 1.2307087 17.0282677 1.5692913 0 P 0
L 17.0282677 1.2307087 17.2881102 1.2307087 0 P 0
L 17.0282677 1.5692913 17.2881102 1.5692913 0 P 0
L 17.0858268 2.4980315 17.0858268 3.2019685 1 P 0
L 17.0858268 3.4480315 17.0858268 4.1519685 1 P 0
L 17.150315 1.4 17.17 1.4 0 P 0
L 17.17 1.380315 17.17 1.4 0 P 0
L 17.17 1.4 17.17 1.419685 0 P 0
L 17.17 1.4 17.189685 1.4 0 P 0
L 17.265748 1.7322835 17.265748 2.2677165 1 P 0
L 17.2881102 1.2307087 17.2881102 1.5692913 0 P 0
L 2 5.3803149 2 5.419685 2 P 0
L 2.0335197 5.8435039 2.0335197 5.9812992 1 P 0
L 2.0757874 5.3311023 2.0757874 5.4688976 1 P 0
L 2.2519685 2.3531496 2.2519685 2.6858268 1 P 0
L 2.2519685 2.9031496 2.2519685 3.2358268 1 P 0
L 2.2519685 3.4531496 2.2519685 3.7858268 1 P 0
L 2.3519685 0.2031496 2.3519685 0.5358268 1 P 0
L 2.3519685 1.7031496 2.3519685 2.0358268 1 P 0
L 2.4480315 0.2031496 2.4480315 0.5358268 1 P 0
L 2.4480315 0.2031496 2.9519685 0.2031496 1 P 0
L 2.4480315 0.5358268 2.9519685 0.5358268 1 P 0
L 2.4480315 1.7031496 2.4480315 2.0358268 1 P 0
L 2.4480315 1.7031496 2.9519685 1.7031496 1 P 0
L 2.4480315 2.0358268 2.9519685 2.0358268 1 P 0
L 2.4980315 2.3531496 2.4980315 2.6858268 1 P 0
L 2.4980315 2.3531496 3.0019685 2.3531496 1 P 0
L 2.4980315 2.6858268 3.0019685 2.6858268 1 P 0
L 2.4980315 2.9031496 2.4980315 3.2358268 1 P 0
L 2.4980315 2.9031496 3.0019685 2.9031496 1 P 0
L 2.4980315 3.2358268 3.0019685 3.2358268 1 P 0
L 2.4980315 3.4531496 2.4980315 3.7858268 1 P 0
L 2.4980315 3.4531496 3.0019685 3.4531496 1 P 0
L 2.4980315 3.7858268 3.0019685 3.7858268 1 P 0
L 2.9519685 0.2031496 2.9519685 0.5358268 1 P 0
L 2.9519685 1.7031496 2.9519685 2.0358268 1 P 0
L 3.0019685 2.3531496 3.0019685 2.6858268 1 P 0
L 3.0019685 2.9031496 3.0019685 3.2358268 1 P 0
L 3.0019685 3.4531496 3.0019685 3.7858268 1 P 0
L 3.0480315 0.2031496 3.0480315 0.5358268 1 P 0
L 3.0480315 0.2031496 3.5519685 0.2031496 1 P 0
L 3.0480315 0.5358268 3.5519685 0.5358268 1 P 0
L 3.0480315 0.7031496 3.0480315 1.0358268 1 P 0
L 3.0480315 0.7031496 3.5519685 0.7031496 1 P 0
L 3.0480315 1.0358268 3.5519685 1.0358268 1 P 0
L 3.0480315 1.2031496 3.0480315 1.5358268 1 P 0
L 3.0480315 1.2031496 3.5519685 1.2031496 1 P 0
L 3.0480315 1.5358268 3.5519685 1.5358268 1 P 0
L 3.0480315 1.7031496 3.0480315 2.0358268 1 P 0
L 3.0480315 1.7031496 3.5519685 1.7031496 1 P 0
L 3.0480315 2.0358268 3.5519685 2.0358268 1 P 0
L 3.0633858 5.4238189 3.0633858 5.7761811 1 P 0
L 3.0633858 5.4238189 3.3271654 5.4238189 1 P 0
L 3.0633858 5.7761811 3.3271654 5.7761811 1 P 0
L 3.1755906 5.6 3.2149607 5.6 2 P 0
L 3.1952756 5.580315 3.1952756 5.6196851 2 P 0
L 3.2480315 2.3531496 3.2480315 2.6858268 1 P 0
L 3.2480315 2.3531496 3.7519685 2.3531496 1 P 0
L 3.2480315 2.6858268 3.7519685 2.6858268 1 P 0
L 3.2480315 2.9031496 3.2480315 3.2358268 1 P 0
L 3.2480315 2.9031496 3.7519685 2.9031496 1 P 0
L 3.2480315 3.2358268 3.7519685 3.2358268 1 P 0
L 3.2480315 3.4531496 3.2480315 3.7858268 1 P 0
L 3.2480315 3.4531496 3.7519685 3.4531496 1 P 0
L 3.2480315 3.7858268 3.7519685 3.7858268 1 P 0
L 3.3271654 5.4238189 3.3271654 5.7761811 1 P 0
L 3.5519685 0.2031496 3.5519685 0.5358268 1 P 0
L 3.5519685 0.7031496 3.5519685 1.0358268 1 P 0
L 3.5519685 1.2031496 3.5519685 1.5358268 1 P 0
L 3.5519685 1.7031496 3.5519685 2.0358268 1 P 0
L 3.7519685 2.3531496 3.7519685 2.6858268 1 P 0
L 3.7519685 2.9031496 3.7519685 3.2358268 1 P 0
L 3.7519685 3.4531496 3.7519685 3.7858268 1 P 0
L 4.9208661 5.7324803 4.9208661 6.1675197 1 P 0
L 4.9208661 5.7324803 5.1255906 5.7324803 1 P 0
L 4.9208661 6.1675197 5.1255906 6.1675197 1 P 0
L 5.030315 5.95 5.069685 5.95 2 P 0
L 5.05 5.930315 5.05 5.969685 2 P 0
L 5.1255906 5.7324803 5.1255906 6.1675197 1 P 0
L 5.3208661 5.7324803 5.3208661 6.1675197 1 P 0
L 5.3208661 5.7324803 5.5255906 5.7324803 1 P 0
L 5.3208661 6.1675197 5.5255906 6.1675197 1 P 0
L 5.430315 5.95 5.469685 5.95 2 P 0
L 5.45 5.930315 5.45 5.969685 2 P 0
L 5.5255906 5.7324803 5.5255906 6.1675197 1 P 0
L 5.7208661 5.7324803 5.7208661 6.1675197 1 P 0
L 5.7208661 5.7324803 5.9255906 5.7324803 1 P 0
L 5.7208661 6.1675197 5.9255906 6.1675197 1 P 0
L 5.830315 5.95 5.869685 5.95 2 P 0
L 5.85 5.930315 5.85 5.969685 2 P 0
L 5.9255906 5.7324803 5.9255906 6.1675197 1 P 0
L 6.1208661 5.7324803 6.1208661 6.1675197 1 P 0
L 6.1208661 5.7324803 6.3255906 5.7324803 1 P 0
L 6.1208661 6.1675197 6.3255906 6.1675197 1 P 0
L 6.230315 5.95 6.269685 5.95 2 P 0
L 6.25 5.930315 6.25 5.969685 2 P 0
L 6.3255906 5.7324803 6.3255906 6.1675197 1 P 0
L 7.2480315 6.6531496 7.2480315 6.9858268 1 P 0
L 7.2480315 6.6531496 7.7519685 6.6531496 1 P 0
L 7.2480315 6.9858268 7.7519685 6.9858268 1 P 0
L 7.7519685 6.6531496 7.7519685 6.9858268 1 P 0
L 8.5825 5.695 8.5825 6.13071 3 P 0
L 8.5825 5.695 9.3975 5.695 3 P 0
L 8.5825 6.13071 9.3975 6.13071 3 P 0
L 8.67 7.065 8.67 7.315 3 P 0
L 8.67 7.065 9.11 7.065 3 P 0
L 8.67 7.315 9.11 7.315 3 P 0
L 9.11 7.065 9.11 7.315 3 P 0
L 9.3975 5.695 9.3975 6.13071 3 P 0
L 9.8325 5.695 10.6475 5.695 3 P 0
L 9.8325 5.695 9.8325 6.13071 3 P 0
L 9.8325 6.13071 10.6475 6.13071 3 P 0
L 9.97 7.065 10.41 7.065 3 P 0
L 9.97 7.065 9.97 7.315 3 P 0
L 9.97 7.315 10.41 7.315 3 P 0
