#Layer_Color=8388736
#
#Feature symbol names
#
$0 r7.874

#
#Feature attribute names
#

#
#Layer features
#
L 15.4585039 6.2470079 15.4585039 6.3729921 0 P 0
L 15.4585039 6.2470079 15.5214961 6.2470079 0 P 0
L 15.4585039 6.3729921 15.5214961 6.3729921 0 P 0
L 15.5214961 6.2470079 15.5214961 6.3729921 0 P 0
L 15.5485039 6.2470079 15.5485039 6.3729921 0 P 0
L 15.5485039 6.2470079 15.6114961 6.2470079 0 P 0
L 15.5485039 6.3729921 15.6114961 6.3729921 0 P 0
L 15.6114961 6.2470079 15.6114961 6.3729921 0 P 0
L 15.6385039 6.2470079 15.6385039 6.3729921 0 P 0
L 15.6385039 6.2470079 15.7014961 6.2470079 0 P 0
L 15.6385039 6.3729921 15.7014961 6.3729921 0 P 0
L 15.7014961 6.2470079 15.7014961 6.3729921 0 P 0
L 15.7285039 6.2470079 15.7285039 6.3729921 0 P 0
L 15.7285039 6.2470079 15.7914961 6.2470079 0 P 0
L 15.7285039 6.3729921 15.7914961 6.3729921 0 P 0
L 15.7914961 6.2470079 15.7914961 6.3729921 0 P 0
L 15.9485039 6.6270079 15.9485039 6.7529921 0 P 0
L 15.9485039 6.6270079 16.0114961 6.6270079 0 P 0
L 15.9485039 6.7529921 16.0114961 6.7529921 0 P 0
L 16.0114961 6.6270079 16.0114961 6.7529921 0 P 0
L 16.0485039 6.6270079 16.0485039 6.7529921 0 P 0
L 16.0485039 6.6270079 16.1114961 6.6270079 0 P 0
L 16.0485039 6.7529921 16.1114961 6.7529921 0 P 0
L 16.1114961 6.6270079 16.1114961 6.7529921 0 P 0
L 2.3783032 5.7284449 2.3783032 5.9215551 0 P 0
L 2.3783032 5.7284449 2.5316496 5.7284449 0 P 0
L 2.3783032 5.9215551 2.5316496 5.9215551 0 P 0
L 2.4233268 5.2034449 2.4233268 5.3965551 0 P 0
L 2.4233268 5.2034449 2.5766732 5.2034449 0 P 0
L 2.4233268 5.3965551 2.5766732 5.3965551 0 P 0
L 2.5316496 5.7284449 2.5316496 5.9215551 0 P 0
L 2.5766732 5.2034449 2.5766732 5.3965551 0 P 0
