#Layer_Color=32768
#
#Feature symbol names
#
$0 r7.874

#
#Feature attribute names
#

#
#Layer features
#
L 15.4516142 6.2340508 15.4516142 6.3859492 0 P 0
L 15.4516142 6.2340508 15.5283858 6.2340508 0 P 0
L 15.4516142 6.3859492 15.5283858 6.3859492 0 P 0
L 15.5283858 6.2340508 15.5283858 6.3859492 0 P 0
L 15.5416142 6.2340508 15.5416142 6.3859492 0 P 0
L 15.5416142 6.2340508 15.6183858 6.2340508 0 P 0
L 15.5416142 6.3859492 15.6183858 6.3859492 0 P 0
L 15.6183858 6.2340508 15.6183858 6.3859492 0 P 0
L 15.6316142 6.2340508 15.6316142 6.3859492 0 P 0
L 15.6316142 6.2340508 15.7083858 6.2340508 0 P 0
L 15.6316142 6.3859492 15.7083858 6.3859492 0 P 0
L 15.7083858 6.2340508 15.7083858 6.3859492 0 P 0
L 15.7216142 6.2340508 15.7216142 6.3859492 0 P 0
L 15.7216142 6.2340508 15.7983858 6.2340508 0 P 0
L 15.7216142 6.3859492 15.7983858 6.3859492 0 P 0
L 15.7983858 6.2340508 15.7983858 6.3859492 0 P 0
L 15.9416142 6.6140508 15.9416142 6.7659492 0 P 0
L 15.9416142 6.6140508 16.0183858 6.6140508 0 P 0
L 15.9416142 6.7659492 16.0183858 6.7659492 0 P 0
L 16.0183858 6.6140508 16.0183858 6.7659492 0 P 0
L 16.0416142 6.6140508 16.0416142 6.7659492 0 P 0
L 16.0416142 6.6140508 16.1183858 6.6140508 0 P 0
L 16.0416142 6.7659492 16.1183858 6.7659492 0 P 0
L 16.1183858 6.6140508 16.1183858 6.7659492 0 P 0
L 2.2916623 5.7087598 2.2916623 5.9412402 0 P 0
L 2.2916623 5.7087598 2.6182905 5.7087598 0 P 0
L 2.2916623 5.9412402 2.6182905 5.9412402 0 P 0
L 2.3366859 5.1837598 2.3366859 5.4162402 0 P 0
L 2.3366859 5.1837598 2.6633141 5.1837598 0 P 0
L 2.3366859 5.4162402 2.6633141 5.4162402 0 P 0
L 2.6182905 5.7087598 2.6182905 5.9412402 0 P 0
L 2.6633141 5.1837598 2.6633141 5.4162402 0 P 0
